1
0 118.22120413556287
2 118.22120413556287
4 112.85345609216432
6 112.85345609216432
8 112.85345609216432
10 120.74037055272879
12 122.49267901220557
14 122.49267901220557
16 119.4134328636186
18 116.56155412902534
20 116.56155412902534
22 121.71534330891399
24 121.71534330891399
26 127.67247947501929
28 127.67247947501929
30 124.51215167355939
32 124.51215167355939
34 124.51215167355939
36 113.84520666018503
38 113.84520666018503
40 113.84520666018503
42 117.17184924396301
44 117.17184924396301
46 117.17184924396301
48 117.17184924396301
50 117.17184924396301
52 117.17184924396301
54 117.17184924396301
56 117.66148164299364
58 115.62915343787623
60 115.62915343787623
62 122.50178943783129
64 122.50178943783129
66 122.50178943783129
68 118.64702630158163
70 112.95720394843313
72 112.95720394843313
74 108.55656328644038
76 108.55656328644038
78 108.55656328644038
80 109.25366577184477
82 115.50007969704721
84 115.50007969704721
86 120.73109515491223
88 120.73109515491223
90 121.04285524580503
92 121.04285524580503
94 118.36764637464918
96 118.36764637464918
98 116.812159657837
100 116.812159657837
102 116.64627569962312
104 116.64627569962312
106 120.84542627327646
108 120.84542627327646
110 121.45181980226394
112 121.45181980226394
114 121.45181980226394
116 120.59494748925283
118 120.59494748925283
120 120.59494748925283
122 120.59494748925283
124 120.59494748925283
126 116.6723229636395
128 116.6723229636395
130 108.82715883423927
132 108.82715883423927
134 108.82715883423927
136 108.82715883423927
138 108.82715883423927
140 112.55150497351285
142 112.55150497351285
144 112.55150497351285
146 112.55150497351285
148 113.39775927991688
150 115.12796123935769
152 115.12796123935769
154 120.07943010526527
156 120.07943010526527
158 115.37074782145078
160 115.37074782145078
162 115.37074782145078
164 112.70094773815407
166 112.70094773815407
168 112.70094773815407
170 112.70094773815407
172 112.70094773815407
174 112.70094773815407
176 112.70094773815407
178 112.70094773815407
180 116.08384538186993
182 116.20195045261913
184 116.20195045261913
186 112.5654234558013
188 112.5654234558013
190 116.36891229704227
192 116.36891229704227
194 116.36891229704227
196 116.36891229704227
198 116.36891229704227
200 116.36891229704227
202 116.36891229704227
204 116.36891229704227
206 115.14128861837322
208 115.14128861837322
210 108.49267590003967
212 108.49267590003967
214 108.49267590003967
216 110.38962079166713
218 110.38962079166713
220 110.38962079166713
222 110.38962079166713
224 110.38962079166713
226 110.38962079166713
228 110.38962079166713
230 110.38962079166713
232 110.38962079166713
234 110.38962079166713
236 107.55724822125003
238 105.51921701031819
240 105.51921701031819
242 108.62408306335145
244 108.62408306335145
246 108.69524918635223
248 108.69524918635223
250 112.20240600568452
252 112.20240600568452
254 112.20240600568452
256 112.84307086159303
258 112.84307086159303
260 102.77716434635462
262 102.77716434635462
264 103.72342230441132
266 104.97615553679115
268 104.97615553679115
270 111.86517573960577
272 111.86517573960577
274 110.37874845767847
276 110.37874845767847
278 104.11748007033066
280 104.11748007033066
282 104.8427888361191
284 104.8427888361191
286 104.8427888361191
288 104.69308541639211
290 103.89717816093274
292 103.89717816093274
294 103.89717816093274
296 103.29910144407751
298 103.29910144407751
300 108.35451415914201
302 121.29213252768079
304 121.29213252768079
306 123.3035313162022
308 123.3035313162022
310 117.7224551787385
312 117.7224551787385
314 117.7224551787385
316 117.7224551787385
318 117.7224551787385
320 117.7224551787385
322 117.7224551787385
324 117.7224551787385
326 117.7224551787385
328 117.7224551787385
330 113.3394416153625
332 113.3394416153625
334 105.84669447739624
336 105.84669447739624
338 115.93262881797953
340 115.93262881797953
342 109.38699135762856
344 109.38699135762856
346 108.28026621931117
348 108.28026621931117
350 108.28026621931117
352 111.87926870751399
354 110.20447611341038
356 110.20447611341038
358 110.20447611341038
360 110.20447611341038
362 110.20447611341038
364 110.20447611341038
366 111.4584216150349
368 111.4584216150349
370 107.7843579240329
372 107.7843579240329
374 107.7843579240329
376 100.93644543948392
378 100.93644543948392
380 100.93644543948392
382 104.90943703013436
384 104.90943703013436
386 108.19553633224909
388 108.19553633224909
390 108.07924872479047
392 108.07924872479047
394 107.60608555137814
396 107.60608555137814
398 102.4002493454418
400 102.4002493454418
402 103.89717816093274
404 103.89717816093274
406 103.89717816093274
408 103.89717816093274
410 103.89717816093274
412 103.89717816093274
414 103.89717816093274
416 103.89717816093274
418 103.89717816093274
420 103.89717816093274
422 103.89717816093274
424 106.54473512709858
426 102.59007241524668
428 102.59007241524668
430 108.81645119388932
432 108.81645119388932
434 115.03125369908008
436 115.03125369908008
438 115.03125369908008
440 115.03125369908008
442 113.93361078744337
444 113.93361078744337
446 113.93361078744337
448 113.93361078744337
450 113.93361078744337
452 113.93361078744337
454 113.93361078744337
456 113.93361078744337
458 113.93361078744337
460 111.55774123484763
462 102.89353646957953
464 102.89353646957953
466 100.32711312917687
468 100.32711312917687
470 102.72873182812171
472 102.72873182812171
474 102.72873182812171
476 102.72873182812171
478 102.72873182812171
480 102.72873182812171
482 113.10902638885054
484 113.10902638885054
486 113.10902638885054
488 113.10902638885054
490 113.10902638885054
492 113.10902638885054
494 115.96224174054882
496 115.96224174054882
498 107.7423597081928
500 107.7423597081928
502 107.7423597081928
504 110.84420052095183
506 113.12280846100131
508 113.12280846100131
510 111.46552199526536
512 111.46552199526536
514 110.00770420515259
516 110.00770420515259
518 106.11812367520616
520 106.11812367520616
522 106.72656246026845
524 106.72656246026845
526 106.72656246026845
528 106.65101771844863
530 107.43882131403984
532 107.43882131403984
534 101.84006640059988
536 101.84006640059988
538 102.57396648841532
540 102.57396648841532
542 102.57396648841532
544 107.31370090666258
546 110.55243026539739
548 110.55243026539739
550 111.65687717144837
552 111.65687717144837
554 111.65687717144837
556 108.16027133569467
558 108.16027133569467
560 104.07138639647263
562 103.52072567618438
564 103.52072567618438
566 106.68191046201963
568 106.68191046201963
570 106.68191046201963
572 111.17005682356022
574 111.17005682356022
576 111.17005682356022
578 111.17005682356022
580 111.17005682356022
582 111.17005682356022
584 111.17005682356022
586 111.17005682356022
588 111.17005682356022
590 110.70032160919202
592 110.70032160919202
594 111.05212279085168
596 111.05212279085168
598 111.05212279085168
600 105.16334483979324
602 105.16334483979324
604 105.16334483979324
606 105.16334483979324
608 107.31022931881799
610 107.31022931881799
612 108.0546136195083
614 111.49036589654682
616 111.49036589654682
618 111.49036589654682
620 110.32072367198771
622 110.32072367198771
624 110.32072367198771
626 110.32072367198771
628 110.32072367198771
630 110.32072367198771
632 103.79877067005785
634 103.79877067005785
636 105.05965315838783
638 111.11290966253327
640 111.11290966253327
642 103.52725487196248
644 103.52725487196248
646 101.56629120451072
648 101.56629120451072
650 101.52816725762528
652 101.52816725762528
654 101.52816725762528
656 102.40346257690777
658 102.40346257690777
660 104.48077468861962
662 104.48077468861962
664 104.48077468861962
666 106.69221170857726
668 106.69221170857726
670 104.83279764678991
672 104.83279764678991
674 104.83279764678991
676 97.33199145720577
678 97.33199145720577
680 102.37776066665317
682 103.98586879069536
684 103.98586879069536
686 106.51049180493466
688 106.51049180493466
690 108.9236255537634
692 108.9236255537634
694 108.9236255537634
696 109.58943834147675
698 109.58943834147675
700 109.58943834147675
702 103.99573059182029
704 101.10686492295255
706 97.7299215203571
708 97.7299215203571
710 98.5181761956062
712 98.5181761956062
714 100.43358068967298
716 100.43358068967298
718 104.16690186116062
720 104.16690186116062
722 104.16690186116062
724 104.16690186116062
726 109.21769056087743
728 109.21769056087743
730 106.34640255069561
732 106.34640255069561
734 96.94157439527692
736 96.94157439527692
738 96.94157439527692
740 106.54130988914332
742 104.56362526486261
744 104.56362526486261
746 104.56362526486261
748 104.56362526486261
750 104.56362526486261
752 104.56362526486261
754 112.21991335622809
756 112.21991335622809
758 112.21991335622809
760 112.21991335622809
762 112.21991335622809
764 109.43391714985584
766 101.29031389278235
768 101.29031389278235
770 101.29031389278235
772 101.96773928878878
774 106.76437190742587
776 106.76437190742587
778 106.76437190742587
780 109.17095994646952
782 105.18343408797449
784 105.18343408797449
786 105.18343408797449
788 105.18343408797449
790 95.57806491616293
792 95.57806491616293
794 95.57806491616293
796 95.57806491616293
798 95.57806491616293
