1
0 1194.7244187742683
2 1194.7244187742683
4 1194.7244187742683
6 1194.7244187742683
8 1194.7244187742683
10 1194.7244187742683
12 1194.7244187742683
14 1194.7244187742683
16 1194.7244187742683
18 1202.959449507467
20 1202.959449507467
22 1264.2896795052677
24 1264.2896795052677
26 1264.2896795052677
28 1264.2896795052677
30 1228.829903934141
32 1228.829903934141
34 1228.829903934141
36 1228.829903934141
38 1228.829903934141
40 1174.590490506152
42 1168.1343955348018
44 1168.1343955348018
46 1234.75964956352
48 1234.75964956352
50 1234.75964956352
52 1234.75964956352
54 1234.75964956352
56 1245.2221802120227
58 1245.2221802120227
60 1245.2221802120227
62 1245.2221802120227
64 1245.2221802120227
66 1245.2221802120227
68 1232.2958105401
70 1175.5631528379768
72 1175.5631528379768
74 1183.626559228516
76 1183.626559228516
78 1183.626559228516
80 1184.271843119666
82 1184.271843119666
84 1213.4461466756184
86 1213.4461466756184
88 1251.3554125876576
90 1251.3554125876576
92 1251.3554125876576
94 1210.9181364412975
96 1203.0187000040457
98 1188.4274025297955
100 1188.4274025297955
102 1219.216473346474
104 1219.216473346474
106 1219.216473346474
108 1268.5911131431199
110 1268.5911131431199
112 1268.5911131431199
114 1287.7345919348502
116 1287.7345919348502
118 1287.7345919348502
120 1287.7345919348502
122 1287.7345919348502
124 1221.5773013280009
126 1178.3206804410745
128 1178.3206804410745
130 1223.3278451051822
132 1223.3278451051822
134 1263.351638847808
136 1263.351638847808
138 1263.351638847808
140 1304.3302144472589
142 1304.3302144472589
144 1304.3302144472589
146 1304.3302144472589
148 1304.3302144472589
150 1258.4797323994123
152 1258.4797323994123
154 1198.9302494202188
156 1198.9302494202188
158 1198.9302494202188
160 1240.2393225770184
162 1240.2393225770184
164 1240.2393225770184
166 1240.2393225770184
168 1240.2393225770184
170 1240.2393225770184
172 1194.1626632657844
174 1194.1626632657844
176 1212.8986070930105
178 1258.0790539554025
180 1258.0790539554025
182 1285.9297559120103
184 1285.9297559120103
186 1285.9297559120103
188 1285.9297559120103
190 1285.9297559120103
192 1285.9297559120103
194 1285.9297559120103
196 1285.9297559120103
198 1285.9297559120103
200 1244.703890837216
202 1185.3362924343985
204 1185.3362924343985
206 1185.3362924343985
208 1185.3362924343985
210 1205.018483711879
212 1205.018483711879
214 1205.018483711879
216 1199.2629457374878
218 1199.2629457374878
220 1199.2629457374878
222 1163.0750502957349
224 1163.0750502957349
226 1238.4300204382494
228 1238.4300204382494
230 1238.4300204382494
232 1238.4300204382494
234 1242.797294577452
236 1242.797294577452
238 1242.797294577452
240 1242.797294577452
242 1311.539585596513
244 1311.539585596513
246 1212.6960251857886
248 1212.6960251857886
250 1205.0581831090665
252 1205.0581831090665
254 1205.0581831090665
256 1203.176742865162
258 1203.176742865162
260 1203.176742865162
262 1285.23785848952
264 1273.4433708678025
266 1273.4433708678025
268 1273.4433708678025
270 1250.2328649333178
272 1222.2638834457791
274 1163.4801265111043
276 1163.4801265111043
278 1207.9470356797071
280 1207.9470356797071
282 1208.2070830041919
284 1208.2070830041919
286 1208.2070830041919
288 1196.2192659778493
290 1196.2192659778493
292 1196.2192659778493
294 1196.2192659778493
296 1196.2192659778493
298 1226.2459019323771
300 1226.2459019323771
302 1266.891181266264
304 1266.891181266264
306 1210.676360339575
308 1210.676360339575
310 1210.676360339575
312 1219.7534276498195
314 1284.80983275076
316 1284.80983275076
318 1284.80983275076
320 1284.80983275076
322 1284.80983275076
324 1284.80983275076
326 1284.80983275076
328 1257.432251339669
330 1227.7046582160388
332 1227.7046582160388
334 1242.663229107578
336 1242.663229107578
338 1242.663229107578
340 1247.8520594897204
342 1247.8520594897204
344 1247.8520594897204
346 1247.8520594897204
348 1247.8520594897204
350 1247.8520594897204
352 1207.4474361015252
354 1237.6394403313332
356 1237.6394403313332
358 1256.7390995738651
360 1256.7390995738651
362 1282.6002220761363
364 1282.6002220761363
366 1282.6002220761363
368 1282.6002220761363
370 1282.6002220761363
372 1282.6002220761363
374 1284.1565977892367
376 1284.1565977892367
378 1284.1565977892367
380 1284.1565977892367
382 1284.1565977892367
384 1284.1565977892367
386 1218.6803789327341
388 1218.6803789327341
390 1223.3905411461233
392 1223.3905411461233
394 1223.3905411461233
396 1223.3905411461233
398 1223.3905411461233
400 1235.7380895652168
402 1235.7380895652168
404 1235.7380895652168
406 1235.7380895652168
408 1235.7380895652168
410 1235.7380895652168
412 1271.8770467422141
414 1235.3245583503399
416 1235.3245583503399
418 1248.1484699220925
420 1248.1484699220925
422 1248.650873580885
424 1248.650873580885
426 1237.6175119647573
428 1237.6175119647573
430 1237.6175119647573
432 1237.6175119647573
434 1237.6175119647573
436 1230.9002906041526
438 1230.9002906041526
440 1195.0928302647992
442 1203.2557869953866
444 1203.2557869953866
446 1240.1286551354772
448 1240.1286551354772
450 1240.1286551354772
452 1269.1484328457848
454 1301.5443853446309
456 1301.5443853446309
458 1300.624956927913
460 1300.624956927913
462 1300.624956927913
464 1300.624956927913
466 1300.624956927913
468 1300.624956927913
470 1300.624956927913
472 1301.4662108248995
474 1301.4662108248995
476 1301.4662108248995
478 1301.4662108248995
480 1301.4662108248995
482 1195.442120362676
484 1195.442120362676
486 1228.1075684730079
488 1228.1075684730079
490 1241.5486293018048
492 1241.5486293018048
494 1241.5486293018048
496 1241.5486293018048
498 1241.5486293018048
500 1241.5486293018048
502 1241.5486293018048
504 1241.5486293018048
506 1223.5159701802866
508 1223.5159701802866
510 1223.5159701802866
512 1297.953420916748
514 1299.6839622569375
516 1299.6839622569375
518 1237.0698642602295
520 1237.0698642602295
522 1202.9791987301705
524 1202.9791987301705
526 1202.9791987301705
528 1195.2868479225456
530 1195.2868479225456
532 1199.400011900031
534 1205.078034279038
536 1205.078034279038
538 1259.4344992553472
540 1259.4344992553472
542 1252.5412936866817
544 1252.5412936866817
546 1269.7474502617945
548 1269.7474502617945
550 1269.7474502617945
552 1269.7474502617945
554 1259.1683924661427
556 1259.1683924661427
558 1259.1683924661427
560 1242.7302533938707
562 1290.2545250546755
564 1290.2545250546755
566 1297.657733654866
568 1297.657733654866
570 1285.970413831962
572 1285.970413831962
574 1285.970413831962
576 1285.970413831962
578 1285.970413831962
580 1285.970413831962
582 1285.970413831962
584 1285.970413831962
586 1285.970413831962
588 1207.6871634633194
590 1237.091749497962
592 1237.091749497962
594 1274.980778150353
596 1274.980778150353
598 1274.980778150353
600 1274.980778150353
602 1272.2375887079884
604 1272.2375887079884
606 1272.2375887079884
608 1272.2375887079884
610 1272.2375887079884
612 1297.756319295698
614 1253.517799282547
616 1253.517799282547
618 1244.7939543419377
620 1244.7939543419377
622 1244.7939543419377
624 1229.7886070248092
626 1229.7886070248092
628 1229.7886070248092
630 1229.7886070248092
632 1229.7886070248092
634 1229.7886070248092
636 1229.7886070248092
638 1229.7886070248092
640 1229.7886070248092
642 1229.7886070248092
644 1222.6598499873649
646 1265.1160582533919
648 1265.1160582533919
650 1304.5826296622968
652 1304.5826296622968
654 1304.5826296622968
656 1305.280911369233
658 1305.280911369233
660 1283.7886150089173
662 1283.7886150089173
664 1283.7886150089173
666 1237.3983234815012
668 1237.3983234815012
670 1228.1075684730079
672 1228.1075684730079
674 1269.490876730003
676 1269.490876730003
678 1269.490876730003
680 1292.518112202543
682 1297.5394001532002
684 1297.5394001532002
686 1297.5394001532002
688 1303.2023634283587
690 1303.2023634283587
692 1303.2023634283587
694 1309.0071350903663
696 1291.8784519345659
698 1271.7072318011092
700 1271.7072318011092
702 1289.8524813695435
704 1289.8524813695435
706 1289.8524813695435
708 1289.8524813695435
710 1289.8524813695435
712 1255.864483620904
714 1255.864483620904
716 1251.3782700725828
718 1251.3782700725828
720 1304.815506467796
722 1317.3451996395054
724 1317.3451996395054
726 1273.2110444319073
728 1273.2110444319073
730 1273.2110444319073
732 1273.2110444319073
734 1273.2110444319073
736 1273.2110444319073
738 1283.1334571047298
740 1283.1334571047298
742 1283.1334571047298
744 1283.1334571047298
746 1293.8938170994256
748 1293.8938170994256
750 1252.9732298357937
752 1252.9732298357937
754 1317.5155969951884
756 1317.5155969951884
758 1317.5155969951884
760 1317.5155969951884
762 1317.5155969951884
764 1317.5155969951884
766 1338.01540486214
768 1338.01540486214
770 1307.8903413095563
772 1307.8903413095563
774 1251.2410943281427
776 1251.2410943281427
778 1272.8304951543746
780 1272.8304951543746
782 1272.8304951543746
784 1272.8304951543746
786 1272.8304951543746
788 1272.8304951543746
790 1272.8304951543746
792 1272.8304951543746
794 1272.8304951543746
796 1288.56302377018
798 1288.56302377018
