0 1255.6331990546346
2 1249.6719747205066
4 1249.6719747205066
6 1249.6719747205066
8 1249.6719747205066
10 1249.6719747205066
12 1249.6719747205066
14 1249.6719747205066
16 1249.6719747205066
18 1249.6719747205066
20 1250.6998095052259
22 1266.522280753047
24 1266.522280753047
26 1266.0282596964912
28 1266.0282596964912
30 1266.0282596964912
32 1244.9677627029646
34 1244.9677627029646
36 1244.9677627029646
38 1244.9677627029646
40 1244.9677627029646
42 1244.9677627029646
44 1244.9677627029646
46 1246.9723429235414
48 1246.9723429235414
50 1256.7712474338337
52 1256.7712474338337
54 1256.7712474338337
56 1275.9931682857216
58 1275.9931682857216
60 1275.9931682857216
62 1275.9931682857216
64 1275.9931682857216
66 1275.9931682857216
68 1275.9931682857216
70 1275.9931682857216
72 1242.2160508451825
74 1237.0635303290692
76 1237.0635303290692
78 1255.9484859033082
80 1255.9484859033082
82 1242.7358031278059
84 1242.7358031278059
86 1270.1943407188237
88 1270.1943407188237
90 1283.800702953178
92 1283.800702953178
94 1283.800702953178
96 1254.3049799224852
98 1225.8716566682401
100 1225.8716566682401
102 1238.1886178765199
104 1238.1886178765199
106 1257.1438191955904
108 1257.1438191955904
110 1257.1438191955904
112 1284.5833808482014
114 1242.8995032946596
116 1242.8995032946596
118 1248.8181751510706
120 1248.8181751510706
122 1257.7084668700477
124 1257.7084668700477
126 1277.8576634806732
128 1277.8576634806732
130 1277.8576634806732
132 1279.2699101466867
134 1279.2699101466867
136 1263.4663537502688
138 1263.4663537502688
140 1263.4663537502688
142 1263.4663537502688
144 1255.8884802975513
146 1245.8756675005031
148 1245.8756675005031
150 1253.3317149234201
152 1253.3317149234201
154 1253.3317149234201
156 1267.1695968956287
158 1267.1695968956287
160 1271.5317714905132
162 1271.5317714905132
164 1271.5317714905132
166 1270.2358358341867
168 1251.7520243420527
170 1251.7520243420527
172 1219.6682876875616
174 1246.9417719168275
176 1246.9417719168275
178 1235.3180647051752
180 1235.3180647051752
182 1243.2721767977357
184 1243.2721767977357
186 1243.2721767977357
188 1243.2721767977357
190 1276.0874176398054
192 1276.0874176398054
194 1276.0874176398054
196 1266.9165631757094
198 1266.9165631757094
200 1244.8923452558072
202 1257.6194441738448
204 1257.6194441738448
206 1281.676550851802
208 1281.676550851802
210 1263.7385022223452
212 1263.7385022223452
214 1229.403651784125
216 1229.403651784125
218 1229.403651784125
220 1229.403651784125
222 1229.403651784125
224 1229.403651784125
226 1229.403651784125
228 1243.9601997050102
230 1276.5043495958623
232 1276.5043495958623
234 1249.0970510975737
236 1249.0970510975737
238 1249.0970510975737
240 1231.9601411849098
242 1231.9601411849098
244 1231.9601411849098
246 1231.9601411849098
248 1231.9601411849098
250 1231.9601411849098
252 1231.9601411849098
254 1231.9601411849098
256 1247.0946892245227
258 1239.0300103880666
260 1239.0300103880666
262 1251.0255648232703
264 1251.0255648232703
266 1251.0255648232703
268 1265.2208852406502
270 1265.2208852406502
272 1265.2208852406502
274 1265.2208852406502
276 1265.2208852406502
278 1265.2208852406502
280 1265.2208852406502
282 1265.2208852406502
284 1265.2208852406502
286 1265.2208852406502
288 1265.2208852406502
290 1265.8302838711375
292 1265.8302838711375
294 1260.997763810571
296 1260.997763810571
298 1278.3915362893883
300 1278.3915362893883
302 1278.3915362893883
304 1262.748163902383
306 1262.748163902383
308 1246.6059000655803
310 1246.6059000655803
312 1235.5175017528488
314 1250.575520683114
316 1250.575520683114
318 1245.360529029945
320 1245.360529029945
322 1254.98561090005
324 1254.98561090005
326 1251.5977584980187
328 1251.5977584980187
330 1257.2033497972684
332 1257.2033497972684
334 1257.2033497972684
336 1257.2033497972684
338 1257.381808487161
340 1257.381808487161
342 1257.381808487161
344 1259.6547144106737
346 1261.1576315246775
348 1261.1576315246775
350 1272.655722829354
352 1272.655722829354
354 1285.1690133105758
356 1285.1690133105758
358 1286.647515936279
360 1286.647515936279
362 1286.647515936279
364 1232.226029363479
366 1232.226029363479
368 1227.589255924533
370 1227.589255924533
372 1261.9691902236978
374 1261.9691902236978
376 1254.4716353128454
378 1242.6614494389412
380 1242.6614494389412
382 1274.2221495088593
384 1274.2221495088593
386 1274.2221495088593
388 1299.1550067225548
390 1299.1550067225548
392 1299.1550067225548
394 1299.1550067225548
396 1299.1550067225548
398 1299.1550067225548
400 1299.1550067225548
402 1299.1550067225548
404 1299.1550067225548
406 1299.1550067225548
408 1299.1550067225548
410 1266.9024958366147
412 1266.9024958366147
414 1223.4675678504357
416 1223.4675678504357
418 1208.726614050842
420 1208.726614050842
422 1208.726614050842
424 1259.8158653726107
426 1259.8158653726107
428 1259.8158653726107
430 1259.8158653726107
432 1259.8158653726107
434 1259.8158653726107
436 1259.8158653726107
438 1222.4352627464805
440 1222.4352627464805
442 1284.1923070846303
444 1284.1923070846303
446 1275.5483311716544
448 1275.5483311716544
450 1224.6799486439484
452 1224.6799486439484
454 1224.6799486439484
456 1201.5328624941276
458 1218.282778641288
460 1218.282778641288
462 1218.282778641288
464 1220.9415484489518
466 1220.9415484489518
468 1220.9415484489518
470 1282.202557265005
472 1282.202557265005
474 1288.7751498853659
476 1288.7751498853659
478 1241.7423135650665
480 1241.7423135650665
482 1241.7423135650665
484 1236.460698183775
486 1236.460698183775
488 1236.460698183775
490 1220.6359144191404
492 1220.6359144191404
494 1220.6359144191404
496 1244.1551882517217
498 1240.2413985567355
500 1240.2413985567355
502 1241.3436720218526
504 1241.3436720218526
506 1241.3436720218526
508 1241.3436720218526
510 1241.3436720218526
512 1241.3436720218526
514 1241.3436720218526
516 1241.0342897649018
518 1241.0342897649018
520 1240.1242556046516
522 1245.2849191764813
524 1245.2849191764813
526 1245.2849191764813
528 1247.7540200557517
530 1247.7540200557517
532 1247.7540200557517
534 1247.7540200557517
536 1247.7540200557517
538 1247.7540200557517
540 1247.7540200557517
542 1247.7540200557517
544 1247.7540200557517
546 1242.9590723514787
548 1242.9590723514787
550 1224.2751139424688
552 1224.2751139424688
554 1246.2707737701874
556 1246.2707737701874
558 1245.5270018908914
560 1245.5270018908914
562 1245.5270018908914
564 1245.5270018908914
566 1266.9868841943469
568 1266.9868841943469
570 1270.9675263100426
572 1270.9675263100426
574 1270.9675263100426
576 1237.049153176017
578 1237.049153176017
580 1237.049153176017
582 1231.5550140068565
584 1231.5550140068565
586 1243.4364311091604
588 1243.4364311091604
590 1245.511860525532
592 1245.511860525532
594 1245.511860525532
596 1249.0040334027606
598 1249.0040334027606
600 1240.9312920719556
602 1240.9312920719556
604 1240.9312920719556
606 1240.9312920719556
608 1242.6911867616825
610 1242.6911867616825
612 1232.6606376944142
614 1214.4530223466622
616 1214.4530223466622
618 1230.2891521000172
620 1230.2891521000172
622 1230.2891521000172
624 1199.493792724448
626 1199.493792724448
628 1199.493792724448
630 1199.493792724448
632 1213.934079005424
634 1213.934079005424
636 1243.3617489101102
638 1243.3617489101102
640 1264.9509698881564
642 1264.9509698881564
644 1266.5645648115324
646 1266.5645648115324
648 1276.5312229222204
650 1276.5312229222204
652 1266.6913599577952
654 1235.3180647051752
656 1235.3180647051752
658 1207.2367295255672
660 1207.2367295255672
662 1207.2367295255672
664 1207.2367295255672
666 1207.2367295255672
668 1222.4486407493891
670 1222.4486407493891
672 1228.6044701743206
674 1228.6044701743206
676 1228.6044701743206
678 1233.8856866161057
680 1233.8856866161057
682 1241.0784514397242
684 1241.0784514397242
686 1228.3158697399842
688 1228.3158697399842
690 1236.6470692114033
692 1236.6470692114033
694 1236.6470692114033
696 1236.6470692114033
698 1236.6470692114033
700 1236.6470692114033
702 1236.6470692114033
704 1236.8479964627265
706 1236.8479964627265
708 1237.32252103458
710 1237.32252103458
712 1246.8653715893727
714 1246.8653715893727
716 1246.8653715893727
718 1252.1062261718155
720 1252.1062261718155
722 1272.8470241455498
724 1272.8470241455498
726 1272.8470241455498
728 1269.1124508559876
730 1269.1124508559876
732 1269.1124508559876
734 1269.1124508559876
736 1257.7529597326895
738 1257.7529597326895
740 1257.7529597326895
742 1257.7529597326895
744 1243.4065539946141
746 1243.4065539946141
748 1243.4065539946141
750 1237.3945310345016
752 1237.3945310345016
754 1253.4689584224957
756 1253.4689584224957
758 1218.981222043766
760 1218.981222043766
762 1218.981222043766
764 1223.1721651762841
766 1238.478285453672
768 1238.478285453672
770 1238.478285453672
772 1238.478285453672
774 1238.478285453672
776 1238.478285453672
778 1238.478285453672
780 1285.402942407056
782 1268.6808290933252
784 1268.6808290933252
786 1232.8993916242155
788 1232.8993916242155
790 1222.8235277350716
792 1222.8235277350716
794 1208.9052984969187
796 1208.9052984969187
798 1208.9052984969187
