0 -147.94
2 -147.94
4 -147.94
6 -147.94
8 -146.7
10 -146.7
12 -146.98
14 -146.98
16 -146.98
18 -147.29
20 -148.09
22 -148.09
24 -148.29
26 -148.29
28 -147.61
30 -147.61
32 -146.5
34 -146.5
36 -147.16
38 -147.16
40 -146.99
42 -146.99
44 -147.05
46 -147.05
48 -148.53
50 -148.53
52 -148.2
54 -148.2
56 -148.2
58 -148.8
60 -148.8
62 -148.54
64 -148.54
66 -146.16
68 -146.44
70 -146.44
72 -147.74
74 -147.74
76 -147.74
78 -147.74
80 -147.74
82 -147.74
84 -147.74
86 -147.74
88 -146.99
90 -146.99
92 -148.88
94 -148.88
96 -148.88
98 -148.88
100 -148.88
102 -148.88
104 -149.07
106 -149.07
108 -149.07
110 -149.07
112 -148.55
114 -148.55
116 -148.55
118 -148.55
120 -147.91
122 -147.91
124 -147.91
126 -147.91
128 -148.1
130 -148.1
132 -148.1
134 -148.3
136 -148.3
138 -148.09
140 -148.09
142 -148.09
144 -146.06
146 -146.06
148 -146.65
150 -146.65
152 -147.31
154 -147.31
156 -147.31
158 -146.62
160 -146.62
162 -146.62
164 -146.62
166 -146.59
168 -146.59
170 -146.59
172 -147.64
174 -147.64
176 -147.64
178 -148.51
180 -147.65
182 -147.65
184 -147.23
186 -147.23
188 -147.23
190 -147.2
192 -147.2
194 -147.2
196 -147.2
198 -147.2
200 -147.92
