0 142.4477622394855
2 142.4477622394855
4 144.33894588434234
6 144.33894588434234
8 143.45945423327504
10 143.45945423327504
12 140.10290182824824
14 140.10290182824824
16 142.37823221985312
18 142.37823221985312
20 142.37823221985312
22 145.4425108643498
24 145.4425108643498
26 146.5259431003875
28 144.53448361508254
30 144.53448361508254
32 146.33990808378616
34 146.33990808378616
36 146.33990808378616
38 146.33990808378616
40 146.6660734484946
42 143.35070192703017
44 143.35070192703017
46 145.6871144368588
48 145.6871144368588
50 147.47350930733148
52 147.47350930733148
54 147.47350930733148
56 145.6913935337987
58 145.6913935337987
60 143.38602316698402
62 143.38602316698402
64 143.38602316698402
66 143.38602316698402
68 140.9507763452352
70 140.9507763452352
72 140.9507763452352
74 140.9507763452352
76 140.9507763452352
78 141.44510555695547
80 143.19473768099428
82 143.19473768099428
84 144.95604361004183
86 144.95604361004183
88 146.53031425778295
90 146.53031425778295
92 146.53031425778295
94 146.53031425778295
96 148.04983167467827
98 148.04983167467827
100 148.04983167467827
102 148.04983167467827
104 148.04983167467827
106 143.88979202530774
108 143.88979202530774
110 143.88979202530774
112 142.9609044278962
114 142.9609044278962
116 145.09649543440767
118 145.09649543440767
120 152.91777608583044
122 152.91777608583044
124 151.83590393336777
126 151.83590393336777
128 151.42396475376017
130 151.42396475376017
132 151.42396475376017
134 148.83712586122255
136 146.39794652609538
138 146.39794652609538
140 146.39794652609538
142 145.43258608203618
144 144.39987983960873
146 144.39987983960873
148 144.82721319414833
150 144.82721319414833
152 144.82721319414833
154 147.96319989288665
156 147.96319989288665
158 147.96319989288665
160 147.96319989288665
162 147.96319989288665
164 147.96319989288665
166 147.96319989288665
168 151.9685016991306
170 151.9685016991306
172 150.11666593104445
174 150.11666593104445
176 146.76858563885492
178 146.76858563885492
180 145.50778868781302
182 145.50778868781302
184 148.77166569342225
186 148.77166569342225
188 148.77166569342225
190 148.77166569342225
192 153.9375444093712
194 153.9375444093712
196 153.9375444093712
198 153.9375444093712
200 153.9375444093712
202 153.9375444093712
204 153.9375444093712
206 153.9375444093712
208 152.27884574957815
210 152.27884574957815
212 147.66401822384466
214 147.66401822384466
216 145.08664939899523
218 145.08664939899523
220 150.7181608072458
222 150.7181608072458
224 150.7181608072458
226 150.7181608072458
228 150.7181608072458
230 150.7181608072458
232 150.7181608072458
234 152.80665808413076
236 148.76855201352475
238 148.76855201352475
240 147.03942505530483
242 147.03942505530483
244 147.03942505530483
246 146.9685756854403
248 146.9685756854403
250 149.77209424261372
252 153.5629003294176
254 153.5629003294176
256 153.5629003294176
258 153.5629003294176
260 152.90889943068956
262 152.90889943068956
264 146.57405378590104
266 146.57405378590104
268 146.57405378590104
270 146.57405378590104
272 146.57405378590104
274 148.9058533929812
276 148.9058533929812
278 148.9058533929812
280 148.9058533929812
282 149.42636067072687
284 149.42636067072687
286 149.42636067072687
288 149.58431164515036
290 149.58431164515036
292 151.9624170721358
294 151.9624170721358
296 155.19802016544568
298 155.19802016544568
300 155.19802016544568
302 155.19802016544568
304 155.19802016544568
306 155.19802016544568
308 156.0279085425227
310 156.0279085425227
312 156.0279085425227
314 156.0279085425227
316 147.29595493654395
318 147.29595493654395
320 149.66441145856777
322 149.66441145856777
324 150.5514341078306
326 150.5514341078306
328 150.5514341078306
330 150.5514341078306
332 153.7441647780362
334 153.7441647780362
336 155.47114401158092
338 155.47114401158092
340 155.47114401158092
342 150.07946257213786
344 150.07946257213786
346 150.07946257213786
348 147.2201365233666
350 147.2201365233666
352 149.25975887694747
354 149.25975887694747
356 149.25975887694747
358 149.6884846522181
360 149.6884846522181
362 149.6884846522181
364 149.6884846522181
366 149.6884846522181
368 149.6884846522181
370 149.6884846522181
372 149.6884846522181
374 148.44025829613142
376 153.3018122283515
378 153.3018122283515
380 151.32013380802655
382 151.32013380802655
384 149.36913417986196
386 149.36913417986196
388 149.36913417986196
390 148.88709419465408
392 148.88709419465408
394 148.88709419465408
396 148.88709419465408
398 151.18166924060614
400 151.18166924060614
402 151.18166924060614
404 150.5991665422252
406 150.5991665422252
408 150.33727291479804
410 150.33727291479804
412 151.45025509086153
414 151.45025509086153
416 151.80381619288377
418 151.80381619288377
420 151.80381619288377
422 153.62244949708253
424 153.62244949708253
426 153.62244949708253
428 151.76404422942696
430 151.76404422942696
432 153.96057115354586
434 153.96057115354586
436 153.96057115354586
438 148.07419066454594
440 147.5453875568619
442 147.5453875568619
444 146.67046101039145
446 146.67046101039145
448 150.42056730124114
450 150.42056730124114
452 150.42056730124114
454 153.56580732567826
456 153.56580732567826
458 153.56580732567826
460 153.56580732567826
462 153.56580732567826
464 153.56580732567826
466 153.56580732567826
468 153.56580732567826
470 153.56580732567826
472 153.56580732567826
474 150.5498416905996
476 151.13173158371842
478 151.13173158371842
480 151.61984022599762
482 151.61984022599762
484 151.61984022599762
486 151.7701661922439
488 151.7701661922439
490 153.44206286284597
492 153.44206286284597
494 153.44206286284597
496 153.97495608879046
498 153.97495608879046
500 153.97495608879046
502 153.97495608879046
504 153.97495608879046
506 153.97495608879046
508 153.33838670830963
510 153.33838670830963
512 150.33085572953496
514 150.33085572953496
516 151.47343415079234
518 151.47343415079234
520 152.67732080952143
522 152.67732080952143
524 150.8902544937454
526 150.8902544937454
528 150.8902544937454
530 147.70767074260115
532 147.70767074260115
534 147.69110623315586
536 147.69110623315586
538 151.77322673675323
540 151.77322673675323
542 152.28487256675157
544 151.70889397353068
546 151.70889397353068
548 150.76878669054892
550 150.76878669054892
552 151.76404422942696
554 151.76404422942696
556 151.76404422942696
558 151.76710535651142
560 148.71722159593497
562 148.71722159593497
564 148.71722159593497
566 148.71722159593497
568 147.49445822292515
570 147.49445822292515
572 147.86620016218166
574 147.86620016218166
576 149.2328731055428
578 149.2328731055428
580 148.8230869379895
582 148.8230869379895
584 152.22002746594413
586 152.22002746594413
588 152.22002746594413
590 152.22002746594413
592 152.22002746594413
594 152.22002746594413
596 152.22002746594413
598 152.22002746594413
600 152.22002746594413
602 154.01520627746805
604 154.01520627746805
606 154.01520627746805
608 154.11278859631568
610 154.11278859631568
612 150.25212927171677
614 150.25212927171677
616 150.25212927171677
618 148.4063859626075
620 148.4063859626075
622 148.4063859626075
624 148.4063859626075
626 148.4063859626075
628 148.4063859626075
630 148.4063859626075
632 151.59061317937832
634 151.59061317937832
636 151.59061317937832
638 151.81757198543727
640 151.81757198543727
642 151.14266240264251
644 151.14266240264251
646 151.14266240264251
648 151.14266240264251
650 151.14266240264251
652 151.14266240264251
654 151.14266240264251
656 151.14266240264251
658 151.14266240264251
660 150.18447765374842
662 150.18447765374842
664 152.10056402994817
666 152.10056402994817
668 150.12313112799646
670 150.12313112799646
672 149.1933792115398
674 149.1933792115398
676 150.5498416905996
678 150.5498416905996
680 150.58326433758793
682 150.58326433758793
684 150.58326433758793
686 154.59866187835252
688 154.59866187835252
690 153.34862111086338
692 153.34862111086338
694 150.22798626797984
696 150.22798626797984
698 148.43871785799416
700 147.12818454482138
702 147.12818454482138
704 150.60711442513966
706 150.60711442513966
708 152.52806134620224
710 152.52806134620224
712 152.52806134620224
714 152.70858392026543
716 152.70858392026543
718 152.70858392026543
720 153.9504985979365
722 153.9504985979365
724 153.9504985979365
726 150.16189160720094
728 153.57016740376974
730 153.57016740376974
732 151.97002267899356
734 151.97002267899356
736 152.16866541544118
738 152.16866541544118
740 150.8886801409139
742 150.8886801409139
744 150.8886801409139
746 147.46902191626472
748 150.89497705758168
750 150.89497705758168
752 154.6085770844001
754 154.6085770844001
756 155.83106111374246
758 155.83106111374246
760 154.50932099799684
762 154.50932099799684
764 155.6403589724125
766 155.6403589724125
768 155.6403589724125
770 151.93654475718824
772 151.93654475718824
774 151.93654475718824
776 151.93654475718824
778 151.93654475718824
780 151.93654475718824
782 151.93654475718824
784 150.91700589091084
786 150.91700589091084
788 157.82998468755738
790 157.82998468755738
792 154.47523676028354
794 154.47523676028354
796 154.47523676028354
798 155.13088691834764
