0 198.58804518519082
2 198.58804518519082
4 198.02315708428517
6 198.02315708428517
8 198.02315708428517
10 198.02315708428517
12 197.00819155965937
14 197.00819155965937
16 197.00819155965937
18 197.00819155965937
20 207.77523416856553
22 207.77523416856553
24 213.35495577942393
26 213.35495577942393
28 209.9666536613592
30 209.9666536613592
32 209.9666536613592
34 209.9666536613592
36 197.23468944018956
38 197.23468944018956
40 187.11757319172082
42 187.11757319172082
44 187.11757319172082
46 192.56012341439504
48 192.56012341439504
50 196.99490368441033
52 201.84416487514287
54 201.84416487514287
56 208.2508043820627
58 208.2508043820627
60 205.1990445640595
62 205.1990445640595
64 200.31493308589785
66 200.31493308589785
68 199.26234039917884
70 199.26234039917884
72 199.26234039917884
74 203.92599233150196
76 203.92599233150196
78 203.92599233150196
80 204.8070386503282
82 204.8070386503282
84 209.22828996790219
86 209.22828996790219
88 201.28437240456827
90 201.28437240456827
92 201.28437240456827
94 201.28437240456827
96 201.28437240456827
98 197.9382274568228
100 197.9382274568228
102 197.9382274568228
104 197.9382274568228
106 197.9382274568228
108 197.9382274568228
110 196.73326238844808
112 198.05717663207145
114 198.05717663207145
116 198.12188934762025
118 198.12188934762025
120 198.12188934762025
122 198.12188934762025
124 198.12188934762025
126 198.12188934762025
128 198.12188934762025
130 198.12188934762025
132 197.8196097730919
134 197.8196097730919
136 199.7916685262018
138 199.7916685262018
140 187.78776733036707
142 187.78776733036707
144 191.28596008708266
146 191.28596008708266
148 191.28596008708266
150 191.28596008708266
152 199.11539567362175
154 199.11539567362175
156 199.11539567362175
158 199.11539567362175
160 199.11539567362175
162 199.11539567362175
164 199.11539567362175
166 199.11539567362175
168 202.34605767370536
170 198.19011560819305
172 205.3923771446859
174 205.3923771446859
176 200.90919952339954
178 200.90919952339954
180 196.62441061880003
182 196.62441061880003
184 196.62441061880003
186 202.07210538705706
188 202.07210538705706
190 202.07210538705706
192 200.04827578900125
194 200.04827578900125
196 203.38891432396522
198 203.38891432396522
200 204.10800737260456
202 204.10800737260456
204 200.9161790764554
206 200.9161790764554
208 198.85086100031577
210 198.85086100031577
212 198.85086100031577
214 198.9585530993589
216 198.9585530993589
218 198.9585530993589
220 198.77807095491318
222 198.77807095491318
224 198.77807095491318
226 196.07741073128804
228 202.94541965688038
230 202.94541965688038
232 202.94541965688038
234 207.89974795436882
236 207.89974795436882
238 204.87737106840024
240 204.87737106840024
242 204.87737106840024
244 196.82913344014673
246 196.82913344014673
248 196.82913344014673
250 204.1728477585501
252 206.80747851576004
254 206.80747851576004
256 203.40537990674446
258 203.40537990674446
260 198.0741966756919
262 198.0741966756919
264 198.0741966756919
266 198.0741966756919
268 198.0741966756919
270 198.0741966756919
272 198.0741966756919
274 198.0741966756919
276 198.0741966756919
278 198.0741966756919
280 198.0741966756919
282 204.31842584039862
284 201.2947443973246
286 201.2947443973246
288 199.0804886169783
290 199.0804886169783
292 202.08567510121367
294 202.08567510121367
296 209.65314797296014
298 209.65314797296014
300 209.65314797296014
302 209.65314797296014
304 209.65314797296014
306 209.65314797296014
308 209.65314797296014
310 207.60783781950747
312 207.60783781950747
314 199.60028251842118
316 199.60028251842118
318 193.33788849707778
320 195.59135342142352
322 195.59135342142352
324 195.59135342142352
326 198.34745914378078
328 203.45474161192004
330 203.45474161192004
332 203.45474161192004
334 203.45474161192004
336 203.45474161192004
338 203.45474161192004
340 203.45474161192004
342 203.45474161192004
344 203.45474161192004
346 194.04125027310906
348 194.65840790802636
350 194.65840790802636
352 189.92137388274648
354 189.92137388274648
356 189.92137388274648
358 189.92137388274648
360 191.8429739388568
362 191.8429739388568
364 191.8429739388568
366 191.8429739388568
368 191.8429739388568
370 191.8429739388568
372 191.8429739388568
374 200.9754561520471
376 195.09083501109774
378 195.09083501109774
380 203.74982267509432
382 203.74982267509432
384 199.07002244494484
386 199.07002244494484
388 199.07002244494484
390 201.40521538240603
392 201.40521538240603
394 200.38219531383902
396 200.38219531383902
398 200.25110320287885
400 200.25110320287885
402 200.25110320287885
404 190.33217065189874
406 190.33217065189874
408 204.39266697616367
410 204.39266697616367
412 202.86552738117933
414 202.86552738117933
416 194.33951770788232
418 194.33951770788232
420 194.33951770788232
422 194.33951770788232
424 194.33951770788232
426 193.86304628561703
428 193.86304628561703
430 193.86304628561703
432 196.17194628391098
434 196.17194628391098
436 206.32096878194403
438 206.32096878194403
440 201.09027400175623
442 201.09027400175623
444 202.58477024081367
446 202.58477024081367
448 202.58477024081367
450 199.8485578641064
452 193.48036743907522
454 193.48036743907522
456 193.48036743907522
458 193.48036743907522
460 198.87515346243472
462 198.87515346243472
464 198.87515346243472
466 198.87515346243472
468 198.87515346243472
470 198.87515346243472
472 198.87515346243472
474 201.47755046103728
476 200.4493414723479
478 200.4493414723479
480 200.4493414723479
482 196.69694987779425
484 196.69694987779425
486 196.69694987779425
488 196.69694987779425
490 196.1686833254296
492 196.1686833254296
494 196.1686833254296
496 203.06830966211098
498 203.06830966211098
500 203.06830966211098
502 193.3502645000201
504 193.3502645000201
506 191.57145224557226
508 191.57145224557226
510 191.57145224557226
512 193.3286081680532
514 193.3286081680532
516 197.853466956728
518 197.853466956728
520 195.88565067778345
522 195.88565067778345
524 202.8788526557919
526 202.8788526557919
528 202.32582460494604
530 202.32582460494604
532 202.32582460494604
534 202.32582460494604
536 201.02072658864668
538 201.02072658864668
540 201.02072658864668
542 195.60747816988018
544 186.7738379497749
546 186.7738379497749
548 190.45669806769263
550 190.45669806769263
552 190.53388260640435
554 190.53388260640435
556 196.11650626353648
558 196.11650626353648
560 196.11650626353648
562 197.5631615795101
564 197.5631615795101
566 191.97307467877852
568 196.27320905969012
570 196.27320905969012
572 196.41075018445866
574 196.41075018445866
576 196.41075018445866
578 196.41075018445866
580 196.41075018445866
582 196.41075018445866
584 196.41075018445866
586 196.41075018445866
588 196.41075018445866
590 196.41075018445866
592 197.81284154607064
594 197.81284154607064
596 207.32992990150674
598 207.32992990150674
600 207.32992990150674
602 207.32992990150674
604 202.20760893022384
606 202.20760893022384
608 202.20760893022384
610 202.20760893022384
612 202.20760893022384
614 193.05085690888146
616 191.99124783917676
618 191.99124783917676
620 203.13128589913535
622 203.13128589913535
624 203.13128589913535
626 203.13128589913535
628 203.13128589913535
630 204.67249904389317
632 204.67249904389317
634 204.67249904389317
636 204.67249904389317
638 204.67249904389317
640 204.67249904389317
642 202.75210161127603
644 193.2111807506598
646 193.2111807506598
648 194.5476888700971
650 194.5476888700971
652 194.5476888700971
654 194.6552413391758
656 194.6552413391758
658 199.62503863813026
660 199.62503863813026
662 205.52824379510423
664 205.52824379510423
666 205.52824379510423
668 199.18530160488766
670 197.82299428738287
672 195.3501032099822
674 195.3501032099822
676 200.6254929599207
678 200.6254929599207
680 200.6254929599207
682 207.93614759207023
684 207.93614759207023
686 207.93614759207023
688 210.67521917863033
690 210.67521917863033
692 210.67521917863033
694 210.67521917863033
696 210.67521917863033
698 201.02420681643838
700 193.66672622716874
702 193.66672622716874
704 201.31548047043384
706 201.31548047043384
708 207.1981915367167
710 207.1981915367167
712 207.1981915367167
714 213.10036221227185
716 213.10036221227185
718 213.10036221227185
720 213.10036221227185
722 213.10036221227185
724 206.51667095882402
726 206.51667095882402
728 197.12462818927023
730 197.12462818927023
732 197.12462818927023
734 203.95203651097788
736 203.95203651097788
738 203.95203651097788
740 203.95203651097788
742 203.95203651097788
744 203.95203651097788
746 196.31573848941215
748 196.31573848941215
750 199.52963727521526
752 206.46082244752404
754 206.46082244752404
756 210.41420746783285
758 210.41420746783285
760 210.41420746783285
762 210.41420746783285
764 210.41420746783285
766 210.41420746783285
768 210.41420746783285
770 210.41420746783285
772 210.41420746783285
774 204.5986715623383
776 194.83285942471943
778 194.83285942471943
780 194.83285942471943
782 194.83285942471943
784 198.16622381414945
786 198.16622381414945
788 198.16622381414945
790 197.18129248262977
792 197.18129248262977
794 197.18129248262977
796 191.16608497491768
798 191.16608497491768
