0 194.77171808681624
2 194.77171808681624
4 194.77171808681624
6 194.77171808681624
8 194.77171808681624
10 194.77171808681624
12 208.8885365022471
14 208.8885365022471
16 211.90371657886212
18 211.90371657886212
20 211.90371657886212
22 211.90371657886212
24 211.90371657886212
26 211.90371657886212
28 211.90371657886212
30 211.7469096832896
32 209.36688555503173
34 209.36688555503173
36 204.12804577842354
38 204.12804577842354
40 204.12804577842354
42 204.32534560343024
44 204.32534560343024
46 204.32534560343024
48 204.32534560343024
50 204.32534560343024
52 204.32534560343024
54 206.77319835300887
56 211.1406350338009
58 211.1406350338009
60 211.1406350338009
62 208.43150474257487
64 208.43150474257487
66 208.43150474257487
68 208.43150474257487
70 208.48217557322718
72 208.48217557322718
74 208.48217557322718
76 208.48217557322718
78 208.48217557322718
80 208.14888841732895
82 208.14888841732895
84 206.91513875307075
86 206.91513875307075
88 207.66951714783403
90 207.66951714783403
92 200.90889311502278
94 200.90889311502278
96 199.8564332926018
98 199.8564332926018
100 199.8564332926018
102 206.25926583092985
104 206.25926583092985
106 203.93007351417754
108 203.93007351417754
110 199.97328726881975
112 197.84489887199626
114 197.84489887199626
116 201.62576113895153
118 201.62576113895153
120 201.62576113895153
122 205.3897661185143
124 205.3897661185143
126 205.3897661185143
128 205.3897661185143
130 206.22289085089727
132 206.22289085089727
134 206.22289085089727
136 198.47286028149963
138 198.47286028149963
140 198.47286028149963
142 200.0114501191137
144 197.8570917824124
146 197.8570917824124
148 193.75891913785435
150 193.75891913785435
152 183.0992507368994
154 183.0992507368994
156 192.87362178214295
158 192.87362178214295
160 192.87362178214295
162 192.87362178214295
164 193.93648814509672
166 193.93648814509672
168 193.93648814509672
170 193.93648814509672
172 193.93648814509672
174 193.93648814509672
176 192.5333930397335
178 192.5333930397335
180 193.5954349299523
182 193.5954349299523
184 191.36161716664742
186 191.36161716664742
188 191.36161716664742
190 191.36161716664742
192 191.36161716664742
194 191.36161716664742
196 191.36161716664742
198 191.36161716664742
200 191.36161716664742
202 191.36161716664742
204 191.36161716664742
206 190.45255888712353
208 199.1435963007874
210 199.1435963007874
212 200.39915801555927
214 200.39915801555927
216 202.25497698958034
218 202.25497698958034
220 202.25497698958034
222 202.25497698958034
224 202.25497698958034
226 202.25497698958034
228 204.30189240973962
230 204.30189240973962
232 204.30189240973962
234 204.30189240973962
236 201.63807554690123
238 201.63807554690123
240 201.63807554690123
242 203.21018831510395
244 206.58348095102664
246 206.58348095102664
248 206.58348095102664
250 206.58348095102664
252 206.58348095102664
254 198.6904976384646
256 198.6904976384646
258 200.96132755433018
260 200.96132755433018
262 200.96132755433018
264 199.6791487496413
266 199.6791487496413
268 199.91482509979053
270 199.91482509979053
272 201.44810600134366
274 201.44810600134366
276 201.44810600134366
278 203.86393131191937
280 203.86393131191937
282 205.74586162084157
284 205.74586162084157
286 205.55542876115663
288 205.55542876115663
290 202.340088174827
292 204.50796055031427
294 204.50796055031427
296 205.53244622228794
298 205.53244622228794
300 207.9495311591298
302 207.9495311591298
304 207.9495311591298
306 202.68642601737685
308 202.68642601737685
310 202.68642601737685
312 203.16952352782639
314 203.16952352782639
316 203.16952352782639
318 203.16952352782639
320 203.99378150005217
322 203.99378150005217
324 201.3664744321985
326 201.3664744321985
328 201.3664744321985
330 207.60045846486986
332 207.60045846486986
334 207.60045846486986
336 208.47556824509695
338 208.47556824509695
340 208.47556824509695
342 208.47556824509695
344 208.47556824509695
346 202.03793248482586
348 202.82385864859089
350 202.82385864859089
352 199.47732085776315
354 199.47732085776315
356 199.47732085776315
358 199.47732085776315
360 199.47732085776315
362 199.47732085776315
364 199.47732085776315
366 197.88636627804905
368 202.93691964705988
370 202.93691964705988
372 206.2910774184355
374 206.2910774184355
376 206.2910774184355
378 206.2910774184355
380 206.2910774184355
382 202.31335363869047
384 202.31335363869047
386 200.11564894930908
388 200.11564894930908
390 202.87680998965004
392 204.01735919182718
394 204.01735919182718
396 199.1811225271384
398 199.1811225271384
400 201.30702386837828
402 201.30702386837828
404 197.7937193777012
406 197.7937193777012
408 197.7937193777012
410 194.0460030776606
412 194.0460030776606
414 194.0460030776606
416 194.0460030776606
418 199.84374870090033
420 199.84374870090033
422 198.40134091823376
424 198.40134091823376
426 201.19039806481595
428 201.4901078354344
430 201.4901078354344
432 200.78633189470898
434 200.78633189470898
436 200.78633189470898
438 202.47356003764162
440 202.47356003764162
442 204.4845799061692
444 204.4845799061692
446 202.7780864427591
448 202.7780864427591
450 198.64342917917784
452 198.64342917917784
454 198.35699951299597
456 199.565518567911
458 199.565518567911
460 203.82137098143866
462 203.82137098143866
464 203.82137098143866
466 202.39351699443716
468 200.8413965933685
470 200.8413965933685
472 203.84974805135812
474 203.84974805135812
476 200.1435667073982
478 200.1435667073982
480 200.1435667073982
482 195.1098981470717
484 196.3752914992147
486 196.3752914992147
488 198.76738718415157
490 198.76738718415157
492 198.76738718415157
494 198.76738718415157
496 198.76738718415157
498 198.76738718415157
500 198.76738718415157
502 198.76738718415157
504 202.10875305743875
506 202.10875305743875
508 202.10875305743875
510 201.60112349435533
512 202.10143121225414
514 202.10143121225414
516 202.10143121225414
518 202.10143121225414
520 202.10143121225414
522 202.07701770129717
524 202.07701770129717
526 202.07701770129717
528 202.07701770129717
530 201.38132624452604
532 198.3496129841216
534 198.3496129841216
536 194.18087076158494
538 194.18087076158494
540 193.47308610725662
542 193.47308610725662
544 193.47308610725662
546 193.47308610725662
548 193.47308610725662
550 193.47308610725662
552 193.47308610725662
554 194.98459957361572
556 194.98459957361572
558 197.504630817051
560 198.51236190771394
562 198.51236190771394
564 195.24011186480044
566 195.24011186480044
568 196.5178835577692
570 196.5178835577692
572 196.5178835577692
574 200.6634684263568
576 200.6634684263568
578 193.67712636510717
580 193.67712636510717
582 193.67712636510717
584 193.31481836866462
586 193.31481836866462
588 190.08613035764796
590 190.08613035764796
592 190.08613035764796
594 188.164061629335
596 194.06198953513342
598 194.06198953513342
600 196.8280835988445
602 196.8280835988445
604 198.77731690394916
606 198.77731690394916
608 198.77731690394916
610 203.82137098143866
612 199.81078423055058
614 199.81078423055058
616 199.81078423055058
618 194.3596086685248
620 194.3596086685248
622 194.3596086685248
624 194.3596086685248
626 192.82876030367768
628 191.61037925337632
630 191.61037925337632
632 194.6309726251102
634 194.6309726251102
636 194.6309726251102
638 194.6309726251102
640 194.6309726251102
642 194.6309726251102
644 197.27737370469308
646 197.27737370469308
648 197.27737370469308
650 201.53701037635295
652 198.07215114856038
654 198.07215114856038
656 198.07215114856038
658 200.923879983204
660 200.923879983204
662 200.923879983204
664 200.923879983204
666 200.923879983204
668 200.923879983204
670 200.923879983204
672 199.78290863503832
674 199.78290863503832
676 197.47556575675446
678 197.47556575675446
680 197.47556575675446
682 192.59370845105528
684 192.59370845105528
686 192.59370845105528
688 192.59370845105528
690 194.607930002786
692 194.607930002786
694 195.0518574267931
696 197.8229587303684
698 197.8229587303684
700 201.50986149937683
702 201.50986149937683
704 201.50986149937683
706 198.04277286723809
708 198.04277286723809
710 197.51674591238753
712 197.07029002164202
714 197.07029002164202
716 194.42848845537776
718 194.42848845537776
720 197.91321553466761
722 197.91321553466761
724 202.20384462725687
726 202.20384462725687
728 202.20384462725687
730 200.630820890682
732 197.7206916015154
734 197.7206916015154
736 201.94743620681774
738 201.94743620681774
740 198.93645802258985
742 198.93645802258985
744 199.10110062336318
746 199.10110062336318
748 195.15869537367567
750 195.15869537367567
752 197.81808438119023
754 197.81808438119023
756 193.44366526892256
758 193.44366526892256
760 195.1354536879689
762 195.1354536879689
764 195.1354536879689
766 200.00381700750788
768 201.35657082082216
770 201.35657082082216
772 198.70289131200346
774 198.70289131200346
776 200.2246910340035
778 200.2246910340035
780 200.2246910340035
782 200.2246910340035
784 196.62268139822243
786 196.62268139822243
788 196.62268139822243
790 193.18847112310746
792 193.18847112310746
794 193.18847112310746
796 194.08711913490527
798 194.08711913490527
