0 200.82573668646103
2 190.8086328852449
4 190.8086328852449
6 190.8086328852449
8 190.8086328852449
10 190.8086328852449
12 192.48489931518236
14 192.48489931518236
16 197.85992551015252
18 197.85992551015252
20 200.63156212554554
22 200.63156212554554
24 203.65900181064873
26 203.65900181064873
28 204.4362190260731
30 204.4362190260731
32 207.09663958137344
34 207.09663958137344
36 207.09663958137344
38 207.27173094429463
40 204.25599964858677
42 204.25599964858677
44 204.25599964858677
46 207.79427595473618
48 207.79427595473618
50 206.27430508938542
52 206.27430508938542
54 201.64906804886837
56 201.64906804886837
58 201.64906804886837
60 201.24111506017644
62 201.24111506017644
64 203.92167906403645
66 203.92167906403645
68 212.07230094301036
70 212.07230094301036
72 212.07230094301036
74 211.1912215850375
76 211.1912215850375
78 211.1912215850375
80 212.56578348114425
82 212.56578348114425
84 212.56578348114425
86 209.81244490694252
88 197.07698716996296
90 197.07698716996296
92 200.95967060779486
94 200.95967060779486
96 204.4777228009712
98 204.4777228009712
100 204.4777228009712
102 204.4777228009712
104 204.4777228009712
106 204.4777228009712
108 204.4777228009712
110 204.4777228009712
112 206.96418466374254
114 206.96418466374254
116 204.42929863795192
118 204.42929863795192
120 204.42929863795192
122 204.42929863795192
124 204.42929863795192
126 197.7622628832436
128 197.7622628832436
130 197.7622628832436
132 197.61073936850542
134 197.61073936850542
136 197.61073936850542
138 197.61073936850542
140 199.55632859613021
142 199.55632859613021
144 199.55632859613021
146 199.55632859613021
148 203.82726789167924
150 203.82726789167924
152 199.29776446367484
154 199.29776446367484
156 199.29776446367484
158 203.93914394330196
160 203.93914394330196
162 203.93914394330196
164 203.93914394330196
166 203.93914394330196
168 203.93914394330196
170 203.93914394330196
172 197.64677294621544
174 197.64677294621544
176 202.06071135533966
178 202.06071135533966
180 199.93379378958772
182 199.93379378958772
184 201.15612611142876
186 201.15612611142876
188 201.99538144689376
190 201.99538144689376
192 201.99538144689376
194 203.27483886800465
196 204.75705046043907
198 204.75705046043907
200 204.75705046043907
202 199.49623624261997
204 199.49623624261997
206 199.49623624261997
208 201.22265275466566
210 201.22265275466566
212 201.22265275466566
214 200.5753915153531
216 203.28898801085728
218 203.28898801085728
220 200.08932595317063
222 200.08932595317063
224 198.73341928173008
226 198.73341928173008
228 198.73341928173008
230 198.73341928173008
232 198.73341928173008
234 198.73341928173008
236 198.73341928173008
238 198.73341928173008
240 198.65600271719953
242 198.65600271719953
244 198.65600271719953
246 198.65600271719953
248 198.65600271719953
250 193.65234719903205
252 193.65234719903205
254 193.65234719903205
256 195.33969095351037
258 200.42901139531418
260 198.57871732283826
262 198.57871732283826
264 198.57871732283826
266 201.25587949975986
268 201.25587949975986
270 201.25587949975986
272 201.25587949975986
274 201.25587949975986
276 201.25587949975986
278 201.25587949975986
280 197.9396513389061
282 197.9396513389061
284 197.9396513389061
286 203.58872900622455
288 203.58872900622455
290 204.11695560630423
292 204.11695560630423
294 204.11695560630423
296 204.11695560630423
298 204.11695560630423
300 199.65792187622745
302 199.65792187622745
304 193.55869588381677
306 193.55869588381677
308 199.4137432521026
310 199.4137432521026
312 205.8910637441525
314 205.8910637441525
316 205.8910637441525
318 199.27161773363434
320 199.27161773363434
322 195.77907477396252
324 195.77907477396252
326 195.77907477396252
328 191.44083320256829
330 191.44083320256829
332 191.22736024883417
334 191.22736024883417
336 193.95097558510784
338 193.95097558510784
340 193.95097558510784
342 193.95097558510784
344 193.57875212672013
346 193.57875212672013
348 200.13477130654366
350 200.13477130654366
352 195.88339245948424
354 195.88339245948424
356 195.67496045910283
358 195.67496045910283
360 198.22340839555534
362 198.22340839555534
364 198.91827785204853
366 198.91827785204853
368 198.91827785204853
370 198.17599600626494
372 198.17599600626494
374 199.57512436661182
376 199.57512436661182
378 199.48122600238685
380 198.94421852943927
382 198.94421852943927
384 194.46784025838693
386 194.46784025838693
388 194.46784025838693
390 195.57104740468444
392 195.57104740468444
394 195.57104740468444
396 195.57104740468444
398 195.57104740468444
400 195.57104740468444
402 195.57104740468444
404 195.7512911589949
406 195.7512911589949
408 195.7512911589949
410 199.8693925280139
412 199.8693925280139
414 199.8693925280139
416 199.8693925280139
418 199.8693925280139
420 199.8693925280139
422 199.8693925280139
424 197.69365710816345
426 197.69365710816345
428 195.08528989151918
430 195.08528989151918
432 195.08528989151918
434 198.27817504231925
436 198.27817504231925
438 198.27817504231925
440 198.27817504231925
442 198.27817504231925
444 198.27817504231925
446 198.27817504231925
448 203.90071352570973
450 203.90071352570973
452 203.90071352570973
454 200.01347713891744
456 191.81102365387676
458 191.81102365387676
460 193.5319642768745
462 193.5319642768745
464 195.7894973558508
466 195.7894973558508
468 195.7894973558508
470 200.71755192096194
472 200.71755192096194
474 200.71755192096194
476 198.05585701162428
478 193.91734876010946
480 193.41848235478506
482 193.41848235478506
484 190.76367401126424
486 190.76367401126424
488 193.03946166307185
490 193.03946166307185
492 193.03946166307185
494 200.8108302922121
496 200.8108302922121
498 206.0056181529381
500 206.0056181529381
502 206.0056181529381
504 206.0056181529381
506 206.0056181529381
508 206.0056181529381
510 196.60890185436293
512 200.15369277589383
514 200.15369277589383
516 200.15369277589383
518 200.15369277589383
520 209.53145668021864
522 209.53145668021864
524 209.53145668021864
526 209.53145668021864
528 209.53145668021864
530 209.53145668021864
532 194.39662967490494
534 194.39662967490494
536 194.8286279274989
538 194.8286279274989
540 194.8286279274989
542 196.03327338519034
544 196.13459743973232
546 196.13459743973232
548 196.13459743973232
550 196.13459743973232
552 196.13459743973232
554 196.13459743973232
556 199.68429951128638
558 199.68429951128638
560 199.68429951128638
562 196.96666371485964
564 197.08767667844924
566 197.08767667844924
568 194.34581797779845
570 194.34581797779845
572 192.66923893950297
574 192.66923893950297
576 192.66923893950297
578 192.55396745253032
580 192.55396745253032
582 196.47495081078972
584 196.47495081078972
586 196.47495081078972
588 192.47503819820858
590 192.47503819820858
592 195.56758707789203
594 195.56758707789203
596 197.0805500827387
598 197.0805500827387
600 197.30195549124542
602 197.30195549124542
604 195.04757272781663
606 195.04757272781663
608 195.16767049460324
610 195.16767049460324
612 195.16767049460324
614 191.12085082387318
616 191.12085082387318
618 200.13855626273414
620 201.64540890664017
622 201.64540890664017
624 197.12332508301412
626 197.12332508301412
628 197.12332508301412
630 196.29221491797304
632 196.29221491797304
634 198.91086897288326
636 198.91086897288326
638 197.95053346137263
640 199.22683059263264
642 199.22683059263264
644 201.8243685177337
646 201.8243685177337
648 205.07945031547328
650 205.07945031547328
652 205.07945031547328
654 208.09156740198011
656 208.09156740198011
658 208.09156740198011
660 208.09156740198011
662 208.09156740198011
664 208.09156740198011
666 208.09156740198011
668 208.09156740198011
670 208.09156740198011
672 208.09156740198011
674 203.57817980236646
676 198.88494747898977
678 198.88494747898977
680 199.28655683335808
682 199.28655683335808
684 199.28655683335808
686 197.58553193252337
688 197.58553193252337
690 197.58553193252337
692 197.58553193252337
694 201.06356524303658
696 201.06356524303658
698 199.42123622917882
700 200.21418596572215
702 200.21418596572215
704 200.21418596572215
706 198.2635642958997
708 198.2635642958997
710 198.2635642958997
712 198.2635642958997
714 198.2635642958997
716 198.2635642958997
718 198.2635642958997
720 198.29279038565664
722 199.76730486612516
724 203.3773305783236
726 203.3773305783236
728 201.462080852527
730 201.462080852527
732 199.03698617812583
734 199.03698617812583
736 199.03698617812583
738 201.01535833193495
740 201.01535833193495
742 201.42165039052813
744 201.42165039052813
746 203.0763316729051
748 203.0763316729051
750 199.60521440226964
752 201.22634581684113
754 201.22634581684113
756 203.60982092101358
758 203.60982092101358
760 198.48321100060855
762 198.48321100060855
764 198.70759912861328
766 198.70759912861328
768 196.75382530712665
770 196.75382530712665
772 198.9850126908826
774 198.9850126908826
776 198.9850126908826
778 194.98933247334654
780 194.98933247334654
782 194.98933247334654
784 215.0242603984414
786 215.0242603984414
788 211.1880830842149
790 211.1880830842149
792 211.1880830842149
794 206.73838629290177
796 206.73838629290177
798 197.7297531269349
