0 187.48425678731698
2 189.83070810564428
4 189.83070810564428
6 199.479967245034
8 211.23938502780928
10 211.23938502780928
12 209.36641122413428
14 209.36641122413428
16 209.36641122413428
18 209.36641122413428
20 209.70394405470088
22 209.70394405470088
24 209.70394405470088
26 209.70394405470088
28 184.82156928775004
30 184.82156928775004
32 186.20009307139537
34 186.20009307139537
36 209.31138102161728
38 209.31138102161728
40 209.31138102161728
42 215.5514404610208
44 215.5514404610208
46 215.5514404610208
48 215.5514404610208
50 215.5514404610208
52 215.5514404610208
54 215.5514404610208
56 181.26584477810962
58 181.26584477810962
60 189.7135832118106
62 189.7135832118106
64 189.7135832118106
66 188.84228254197754
68 197.90698710162616
70 197.90698710162616
72 197.90698710162616
74 197.90698710162616
76 197.90698710162616
78 197.90698710162616
80 197.90698710162616
82 197.90698710162616
84 197.90698710162616
86 206.11021462532153
88 196.92574942826784
90 196.92574942826784
92 177.34283728196579
94 177.34283728196579
96 177.34283728196579
98 175.67603762434848
100 175.67603762434848
102 178.29033255841517
104 178.29033255841517
106 183.11209289839286
108 183.11209289839286
110 183.11209289839286
112 183.11209289839286
114 194.99635115056273
116 169.89229463619512
118 169.89229463619512
120 201.87175606557102
122 201.87175606557102
124 212.94152299877555
126 212.94152299877555
128 212.94152299877555
130 212.94152299877555
132 223.00702259374427
134 223.00702259374427
136 209.0595159233631
138 209.0595159233631
140 209.0595159233631
142 209.0595159233631
144 176.17749151331694
146 176.17749151331694
148 178.203341479312
150 178.203341479312
152 208.3722493805993
154 208.3722493805993
156 208.3722493805993
158 208.3722493805993
160 208.3722493805993
162 208.3722493805993
164 208.3722493805993
166 208.3722493805993
168 208.3722493805993
170 193.38690956970436
172 200.7868813468495
174 200.7868813468495
176 183.5526634442619
178 183.5526634442619
180 183.5526634442619
182 178.7622421625211
184 178.7622421625211
186 196.49602666763056
188 196.49602666763056
190 196.49602666763056
192 196.49602666763056
194 196.49602666763056
196 196.49602666763056
198 196.49602666763056
200 196.49602666763056
202 196.49602666763056
204 191.31553406286383
206 191.31553406286383
208 186.65740269419516
210 186.65740269419516
212 205.39818624622353
214 205.39818624622353
216 206.94632268945523
218 206.94632268945523
220 197.42361414958847
222 197.42361414958847
224 180.3393044432322
226 180.3393044432322
228 176.09860970113132
230 176.09860970113132
232 202.03064735749987
234 202.03064735749987
236 202.03064735749987
238 191.25233737939496
240 185.4032308812547
242 185.4032308812547
244 170.8850187424822
246 170.8850187424822
248 180.1047811394879
250 180.1047811394879
252 193.68452685493924
254 193.68452685493924
256 193.68452685493924
258 193.68452685493924
260 193.68452685493924
262 193.68452685493924
264 204.53480520787406
266 204.53480520787406
268 204.53480520787406
270 186.63450277921672
272 186.63450277921672
274 186.63450277921672
276 194.11212285394646
278 194.11212285394646
280 182.0937182162718
282 182.0937182162718
284 192.86581880480458
286 192.86581880480458
288 192.86581880480458
290 201.78803771173258
292 201.78803771173258
294 201.78803771173258
296 213.43062755259777
298 213.43062755259777
300 213.43062755259777
302 213.43062755259777
304 213.43062755259777
306 213.43062755259777
308 213.43062755259777
310 213.43062755259777
312 213.43062755259777
314 213.43062755259777
316 204.11712574034874
318 204.11712574034874
320 188.24650069423367
322 188.24650069423367
324 185.1838987501534
326 185.1838987501534
328 185.1838987501534
330 194.11212285394646
332 198.72010852264728
334 198.72010852264728
336 198.72010852264728
338 198.72010852264728
340 198.72010852264728
342 198.72010852264728
344 198.72010852264728
346 198.72010852264728
348 198.72010852264728
350 198.72010852264728
352 198.72010852264728
354 200.3210458117668
356 194.38723312600365
358 194.38723312600365
360 185.70628951522625
362 185.70628951522625
364 179.47604054075285
366 179.47604054075285
368 179.47604054075285
370 187.69941837980454
372 187.69941837980454
374 187.69941837980454
376 187.69941837980454
378 187.69941837980454
380 196.09256723103445
382 196.09256723103445
384 196.09256723103445
386 211.97363191337197
388 196.17479097787373
390 196.17479097787373
392 201.57007350512217
394 201.57007350512217
396 194.82548220788428
398 194.82548220788428
400 186.825447117011
402 186.825447117011
404 178.6968290038829
406 178.6968290038829
408 174.0794352297118
410 174.0794352297118
412 198.25832757852638
414 198.25832757852638
416 226.54129620825648
418 226.54129620825648
420 237.59219087857838
422 237.59219087857838
424 233.12295821652455
426 233.12295821652455
428 233.12295821652455
430 217.29405558246017
432 193.45923593017832
434 193.45923593017832
436 188.4473837946693
438 188.4473837946693
440 188.4473837946693
442 188.4473837946693
444 188.4473837946693
446 188.4473837946693
448 183.46295636478328
450 183.46295636478328
452 205.36572018291943
454 205.36572018291943
456 211.40977162279077
458 211.40977162279077
460 211.40977162279077
462 211.40977162279077
464 211.40977162279077
466 211.40977162279077
468 211.40977162279077
470 211.40977162279077
472 211.40977162279077
474 211.40977162279077
476 211.40977162279077
478 202.53092927886215
480 185.25193289629306
482 185.25193289629306
484 199.57320349114448
486 199.57320349114448
488 203.8789488822022
490 203.8789488822022
492 203.8789488822022
494 203.8789488822022
496 204.24832411239032
498 204.24832411239032
500 204.24832411239032
502 204.24832411239032
504 204.24832411239032
506 208.80715744989686
508 208.80715744989686
510 208.80715744989686
512 217.80647328275094
514 217.80647328275094
516 200.3465066865322
518 200.3465066865322
520 199.51386205920787
522 199.51386205920787
524 197.29063542594847
526 197.29063542594847
528 197.29063542594847
530 183.74720470232296
532 183.74720470232296
534 183.74720470232296
536 183.74720470232296
538 183.74720470232296
540 183.74720470232296
542 197.95711070389956
544 197.30724918396174
546 197.30724918396174
548 208.1343973959174
550 208.1343973959174
552 208.49892138299654
554 208.49892138299654
556 207.65734060585203
558 207.65734060585203
560 207.65734060585203
562 207.65734060585203
564 207.65734060585203
566 207.65734060585203
568 208.30094074178277
570 208.30094074178277
572 208.30094074178277
574 208.30094074178277
576 192.4186394701264
578 192.4186394701264
580 192.4186394701264
582 215.85949333229976
584 219.6866185238821
586 219.6866185238821
588 208.3722493805993
590 208.3722493805993
592 208.3722493805993
594 215.37082914712246
596 215.37082914712246
598 215.37082914712246
600 215.37082914712246
602 215.37082914712246
604 215.37082914712246
606 215.37082914712246
608 215.37082914712246
610 215.37082914712246
612 192.42661070061962
614 192.42661070061962
616 201.24231818830935
618 201.24231818830935
620 195.55135149348783
622 195.55135149348783
624 195.55135149348783
626 184.51276496737688
628 184.51276496737688
630 184.51276496737688
632 197.8401906612446
634 197.8401906612446
636 197.8401906612446
638 197.8401906612446
640 197.8401906612446
642 197.8401906612446
644 197.8401906612446
646 197.8401906612446
648 197.8401906612446
650 216.86206670923897
652 209.382129852624
654 209.382129852624
656 220.1625962731141
658 220.1625962731141
660 220.1625962731141
662 208.35640648470184
664 208.35640648470184
666 208.35640648470184
668 208.35640648470184
670 208.35640648470184
672 208.35640648470184
674 208.35640648470184
676 208.35640648470184
678 197.17440757372268
680 200.1681544700118
682 200.1681544700118
684 177.54496028741974
686 177.54496028741974
688 197.2740241156508
690 197.2740241156508
692 197.2740241156508
694 197.2740241156508
696 197.2740241156508
698 197.2740241156508
700 219.22404324197632
702 219.22404324197632
704 212.2431621060015
706 212.2431621060015
708 212.2431621060015
710 198.49317458701785
712 204.36300117440862
714 204.36300117440862
716 213.0792528363276
718 213.0792528363276
720 219.14314873265914
722 219.14314873265914
724 225.4765347126273
726 225.4765347126273
728 225.4765347126273
730 200.47372131440198
732 200.47372131440198
734 192.54624049813046
736 192.54624049813046
738 212.88026691494474
740 205.43064344006436
742 205.43064344006436
744 190.45713843304975
746 190.45713843304975
748 188.48604889543364
750 188.48604889543364
752 190.2375474817543
754 190.2375474817543
756 201.94704866058882
758 201.94704866058882
760 201.94704866058882
762 212.4891348547361
764 205.80326714810067
766 205.80326714810067
768 205.80326714810067
770 216.39898565562865
772 216.39898565562865
774 216.39898565562865
776 216.39898565562865
778 216.39898565562865
780 205.27639268765557
782 205.27639268765557
784 201.7712864569126
786 201.7712864569126
788 198.41763362542318
790 198.41763362542318
792 209.42141810098474
794 209.42141810098474
796 209.42141810098474
798 209.42141810098474
