0 249.63603095249564
2 243.75213442353
4 243.75213442353
6 243.75213442353
8 244.14033265778596
10 244.14033265778596
12 247.72455154181523
14 247.72455154181523
16 247.72455154181523
18 246.63878877902025
20 246.1721338486158
22 251.1619038721069
24 251.1619038721069
26 252.52503850817365
28 252.52503850817365
30 245.32902796775514
32 245.32902796775514
34 243.03428955883473
36 243.03428955883473
38 245.79474572720977
40 245.79474572720977
42 245.79474572720977
44 250.56922064459178
46 250.56922064459178
48 253.71740950386643
50 253.50123684635273
52 253.50123684635273
54 253.50123684635273
56 249.05796746777378
58 249.05796746777378
60 248.73178683269398
62 250.8377325655285
64 250.8377325655285
66 242.03734203358437
68 242.03734203358437
70 239.69580537572753
72 239.69580537572753
74 245.08832860725542
76 245.08832860725542
78 260.73690330885825
80 260.73690330885825
82 260.73690330885825
84 260.73690330885825
86 260.73690330885825
88 260.73690330885825
90 260.73690330885825
92 254.75691286445735
94 247.4398960931555
96 247.4398960931555
98 247.4398960931555
100 253.7599390485049
102 253.7599390485049
104 253.7599390485049
106 255.46034947225002
108 255.46034947225002
110 255.46034947225002
112 254.1070374674944
114 254.1070374674944
116 252.0093304382734
118 252.92663367036124
120 252.92663367036124
122 251.41957092217484
124 251.41957092217484
126 245.19883645968525
128 245.19883645968525
130 247.35813862256032
132 247.35813862256032
134 247.35813862256032
136 245.56823875937363
138 245.56823875937363
140 245.56823875937363
142 245.56823875937363
144 245.56823875937363
146 245.56823875937363
148 245.56823875937363
150 245.56823875937363
152 247.36688968481968
154 247.36688968481968
156 247.36688968481968
158 250.6497017443925
160 250.6497017443925
162 257.00815147602776
164 257.00815147602776
166 255.856988428131
168 255.856988428131
170 255.856988428131
172 252.41661734585125
174 252.41661734585125
176 252.41661734585125
178 252.41661734585125
180 252.41661734585125
182 252.41661734585125
184 252.41661734585125
186 244.96432389152142
188 244.96432389152142
190 245.9886477048865
192 245.9886477048865
194 244.7583778217171
196 244.7583778217171
198 249.92750574336955
200 249.92750574336955
202 250.81005929693228
204 250.81005929693228
206 250.70221453428456
208 250.70221453428456
210 247.43112767190004
212 247.43112767190004
214 247.43112767190004
216 242.30149935796462
218 245.17671346921193
220 245.17671346921193
222 247.65685326855944
224 247.65685326855944
226 244.28666145257318
228 244.28666145257318
230 240.82343817403648
232 240.82343817403648
234 240.82343817403648
236 241.9955907417987
238 241.9955907417987
240 243.19095891302157
242 243.19095891302157
244 243.16969086395233
246 243.16969086395233
248 243.16969086395233
250 243.16969086395233
252 243.16969086395233
254 243.16969086395233
256 243.43878260771083
258 244.23783827333722
260 244.23783827333722
262 250.06622730172455
264 250.06622730172455
266 250.06622730172455
268 250.06622730172455
270 249.48043863219797
272 249.48043863219797
274 249.48043863219797
276 249.48043863219797
278 249.48043863219797
280 249.48043863219797
282 249.48043863219797
284 249.48043863219797
286 251.25307296905504
288 251.25307296905504
290 251.25307296905504
292 252.96135244366724
294 247.14292861196463
296 247.14292861196463
298 247.54821297919858
300 247.54821297919858
302 253.2810178293803
304 253.2810178293803
306 252.299039583965
308 252.299039583965
310 243.58318394011175
312 243.58318394011175
314 243.58318394011175
316 244.63523721265645
318 240.70796603091992
320 240.70796603091992
322 240.70796603091992
324 242.59568530872374
326 247.1980670379283
328 247.1980670379283
330 248.13049034412217
332 248.13049034412217
334 251.38936008278426
336 251.38936008278426
338 251.38936008278426
340 251.38936008278426
342 251.38936008278426
344 251.86655908726883
346 251.86655908726883
348 251.8307746688
350 251.8307746688
352 250.4729952522172
354 242.7485736247433
356 242.7485736247433
358 242.7485736247433
360 242.7485736247433
362 239.82521229867146
364 239.82521229867146
366 249.60173466362187
368 249.60173466362187
370 249.60173466362187
372 251.83674130198332
374 251.83674130198332
376 251.83674130198332
378 251.83674130198332
380 251.83674130198332
382 251.83674130198332
384 251.83674130198332
386 251.83674130198332
388 251.83674130198332
390 251.83674130198332
392 251.83674130198332
394 243.54035903701794
396 243.54035903701794
398 249.12236738549626
400 249.12236738549626
402 249.2515528129907
404 249.2515528129907
406 252.74965068444362
408 252.74965068444362
410 252.74965068444362
412 252.74965068444362
414 251.00633589254534
416 251.00633589254534
418 251.00633589254534
420 251.00633589254534
422 247.33189785423158
424 247.33189785423158
426 253.3211493487046
428 253.3211493487046
430 253.3211493487046
432 255.41941845888465
434 255.41941845888465
436 255.41941845888465
438 251.84867148978802
440 251.84867148978802
442 251.84867148978802
444 251.84867148978802
446 251.84867148978802
448 251.84867148978802
450 251.84867148978802
452 251.84867148978802
454 248.9753542362568
456 248.9753542362568
458 245.65478643168618
460 245.65478643168618
462 241.91477021383022
464 241.91477021383022
466 241.91477021383022
468 241.91477021383022
470 249.22382663620638
472 249.22382663620638
474 249.22382663620638
476 249.22382663620638
478 249.22382663620638
480 257.52795929957676
482 253.96910938174096
484 253.96910938174096
486 247.23874732056328
488 247.23874732056328
490 246.71614294598479
492 246.71614294598479
494 246.2911301099372
496 246.2911301099372
498 251.6902613000873
500 251.6902613000873
502 251.6902613000873
504 255.45216601659786
506 255.45216601659786
508 255.45216601659786
510 258.8549621000159
512 258.8549621000159
514 258.8549621000159
516 259.11236586298696
518 257.59624058258237
520 257.59624058258237
522 258.8910493260771
524 258.8910493260771
526 255.61285772156006
528 255.61285772156006
530 246.87995200109583
532 246.87995200109583
534 246.87995200109583
536 246.87995200109583
538 248.45988582990526
540 248.45988582990526
542 255.7920020311836
544 255.7920020311836
546 255.7920020311836
548 257.1563647794046
550 253.88726340996726
552 253.88726340996726
554 253.88726340996726
556 253.40700761292368
558 253.40700761292368
560 253.40700761292368
562 253.40700761292368
564 253.40700761292368
566 253.40700761292368
568 253.40700761292368
570 253.51834547690822
572 253.51834547690822
574 249.99054825622136
576 249.99054825622136
578 245.33180209713834
580 245.33180209713834
582 245.33180209713834
584 246.6531021280188
586 246.6531021280188
588 246.6531021280188
590 246.6531021280188
592 246.6531021280188
594 246.6531021280188
596 246.6531021280188
598 246.6531021280188
600 246.6531021280188
602 248.68328746323962
604 248.68328746323962
606 248.68328746323962
608 249.0794199295816
610 251.95585948666886
612 251.95585948666886
614 251.95585948666886
616 251.95585948666886
618 250.33903395973422
620 250.33903395973422
622 250.33903395973422
624 250.33903395973422
626 251.08573705753548
628 251.08573705753548
630 247.54528126513873
632 247.54528126513873
634 254.99991415325675
636 254.99991415325675
638 254.99991415325675
640 254.99991415325675
642 251.78001672845014
644 251.78001672845014
646 252.87739416540407
648 252.87739416540407
650 256.66530193670513
652 256.66530193670513
654 256.66530193670513
656 256.66530193670513
658 256.6386387623476
660 256.6386387623476
662 250.1291540145573
664 250.1291540145573
666 252.22830808636863
668 252.22830808636863
670 253.2264875855083
672 253.2264875855083
674 252.01823434823388
676 252.01823434823388
678 252.01823434823388
680 251.86059757825709
682 251.86059757825709
684 250.89300819774888
686 250.89300819774888
688 255.2252068766468
690 255.2252068766468
692 249.63291156034435
694 250.367119632012
696 250.367119632012
698 258.9090866716201
700 258.9090866716201
702 258.91681568832496
704 258.91681568832496
706 258.91681568832496
708 258.91681568832496
710 258.91681568832496
712 258.91681568832496
714 258.91681568832496
716 258.91681568832496
718 258.91681568832496
720 258.91681568832496
722 249.65163256597324
724 249.65163256597324
726 254.07892561331462
728 254.07892561331462
730 254.07892561331462
732 254.07892561331462
734 260.14433934911716
736 260.14433934911716
738 251.47086719274506
740 251.47086719274506
742 250.03156283837268
744 250.03156283837268
746 250.03156283837268
748 247.71865967115082
750 243.956658527199
752 243.956658527199
754 243.956658527199
756 241.98776522696292
758 241.98776522696292
760 241.98776522696292
762 241.98776522696292
764 241.98776522696292
766 241.98776522696292
768 241.98776522696292
770 241.98776522696292
772 245.31793316767886
774 248.15434049551484
776 248.15434049551484
778 250.99104433888746
780 250.99104433888746
782 250.99104433888746
784 251.43466616962203
786 251.43466616962203
788 251.43466616962203
790 251.43466616962203
792 251.43466616962203
794 251.43466616962203
796 251.43466616962203
798 251.43466616962203
