0 278.9385983788266
2 274.0259380302051
4 274.0259380302051
6 269.03717649201775
8 269.03717649201775
10 268.3636246562754
12 268.3636246562754
14 268.3636246562754
16 268.3636246562754
18 268.3636246562754
20 268.3636246562754
22 268.3636246562754
24 268.3636246562754
26 268.3636246562754
28 268.3636246562754
30 268.3636246562754
32 258.60827742904144
34 258.60827742904144
36 262.1481225041521
38 262.1481225041521
40 263.15446179266513
42 282.6727168340904
44 282.6727168340904
46 285.5044923706968
48 285.5044923706968
50 285.14426163681
52 285.14426163681
54 285.14426163681
56 285.14426163681
58 285.14426163681
60 285.14426163681
62 285.14426163681
64 275.8673348430853
66 275.8673348430853
68 275.8673348430853
70 264.69024248592365
72 264.69024248592365
74 267.2107351099454
76 267.2107351099454
78 279.25568072042427
80 279.25568072042427
82 279.8822648162459
84 279.8822648162459
86 279.8822648162459
88 279.8822648162459
90 279.8822648162459
92 280.9606646481792
94 288.6988101844118
96 288.6988101844118
98 278.9087613815425
100 278.9087613815425
102 270.31247122594806
104 270.31247122594806
106 270.31247122594806
108 277.831419583481
110 277.831419583481
112 277.831419583481
114 282.9288716970066
116 282.9288716970066
118 282.9288716970066
120 274.08737100769105
122 279.0819987854487
124 279.0819987854487
126 281.72744954488144
128 281.72744954488144
130 281.72744954488144
132 279.8157121256282
134 277.3689075665103
136 277.3689075665103
138 269.0952681097918
140 269.0952681097918
142 268.122631974065
144 268.122631974065
146 268.122631974065
148 280.2032431642175
150 286.2701534355483
152 286.2701534355483
154 286.2701534355483
156 275.29780506341115
158 275.29780506341115
160 277.16495522298936
162 277.16495522298936
164 277.16495522298936
166 277.16495522298936
168 277.16495522298936
170 277.16495522298936
172 277.16495522298936
174 277.16495522298936
176 275.78734177620237
178 280.0398138091841
180 280.0398138091841
182 273.35877004442324
184 273.35877004442324
186 279.0042859336038
188 279.0042859336038
190 279.0042859336038
192 279.0042859336038
194 285.2964361216174
196 285.2964361216174
198 285.2964361216174
200 285.2964361216174
202 285.2964361216174
204 287.8459173637995
206 289.46868951308386
208 289.46868951308386
210 282.6202083273792
212 282.6202083273792
214 279.4538652279729
216 279.4538652279729
218 279.9428253668287
220 279.9428253668287
222 280.12460530543024
224 280.12460530543024
226 280.12460530543024
228 282.3512241475613
230 282.3512241475613
232 277.095162143987
234 276.0963586766452
236 276.0963586766452
238 276.0963586766452
240 276.0963586766452
242 276.0963586766452
244 275.6162137839966
246 287.0562219285248
248 287.0562219285248
250 303.0627196952915
252 303.0627196952915
254 303.0627196952915
256 303.0627196952915
258 288.0912205404351
260 288.0912205404351
262 288.0912205404351
264 279.0401423293238
266 279.0401423293238
268 279.0401423293238
270 279.0401423293238
272 279.0401423293238
274 279.0401423293238
276 277.15913654150063
278 294.26452274841984
280 294.26452274841984
282 281.8514708998287
284 281.8514708998287
286 281.8514708998287
288 281.8514708998287
290 281.1814755693602
292 281.1814755693602
294 273.7250353513577
296 273.7250353513577
298 277.61442353479697
300 277.61442353479697
302 277.61442353479697
304 280.978595002939
306 280.558974430604
308 280.558974430604
310 290.9371353034133
312 290.9371353034133
314 290.9846520174992
316 290.9846520174992
318 285.7679916896274
320 285.7679916896274
322 277.7023144223901
324 277.7023144223901
326 277.7023144223901
328 273.88649192142014
330 276.66625600353177
332 276.66625600353177
334 276.66625600353177
336 288.7096225805899
338 288.9148132744922
340 288.9148132744922
342 288.9148132744922
344 283.5134502017585
346 279.9791883417982
348 279.9791883417982
350 279.9791883417982
352 280.5228848179888
354 280.5228848179888
356 280.5228848179888
358 290.41826265506245
360 290.41826265506245
362 290.41826265506245
364 288.04221493198037
366 280.33611079818917
368 280.33611079818917
370 284.5609801856409
372 284.5609801856409
374 277.41560715852535
376 277.41560715852535
378 281.10993974163364
380 281.10993974163364
382 281.10993974163364
384 281.10993974163364
386 281.10993974163364
388 272.1711978424483
390 272.1711978424483
392 282.5968587910519
394 282.5968587910519
396 278.81932879122206
398 281.425325972653
400 281.425325972653
402 280.62508829318745
404 280.62508829318745
406 283.73793315907216
408 283.73793315907216
410 275.02028053526266
412 275.02028053526266
414 275.02028053526266
416 275.02028053526266
418 275.02028053526266
420 269.5081621770484
422 287.87866434152096
424 287.87866434152096
426 288.5581308162883
428 288.5581308162883
430 288.5581308162883
432 288.5581308162883
434 288.5581308162883
436 288.5581308162883
438 270.7574879357888
440 270.7574879357888
442 270.7574879357888
444 278.95053684579705
446 278.95053684579705
448 280.87692683494157
450 280.87692683494157
452 280.87692683494157
454 280.87692683494157
456 282.48584370770504
458 282.48584370770504
460 282.48584370770504
462 282.48584370770504
464 282.48584370770504
466 282.48584370770504
468 282.48584370770504
470 282.48584370770504
472 278.8729742510922
474 275.6105161920876
476 275.6105161920876
478 273.6194271756469
480 273.6194271756469
482 273.6194271756469
484 278.09624071497075
486 278.09624071497075
488 277.678866153752
490 277.678866153752
492 279.4598799659762
494 279.4598799659762
496 279.4598799659762
498 279.16578946049367
500 279.16578946049367
502 272.28593238044
504 272.28593238044
506 267.0344421090976
508 267.0344421090976
510 271.4534309146275
512 271.4534309146275
514 271.4534309146275
516 284.20200692180316
518 284.20200692180316
520 287.72027263922536
522 287.72027263922536
524 280.7091391633747
526 280.7091391633747
528 288.2869705505318
530 283.9044154628502
532 283.9044154628502
534 279.6224827099892
536 279.6224827099892
538 279.2137165542991
540 279.2137165542991
542 279.2137165542991
544 285.77358857036575
546 280.9068450918444
548 280.9068450918444
550 280.9068450918444
552 280.9068450918444
554 275.8159009477534
556 275.8159009477534
558 275.8159009477534
560 277.3047455343556
562 277.3047455343556
564 277.3047455343556
566 277.3047455343556
568 277.3047455343556
570 277.3047455343556
572 277.3047455343556
574 275.59912229506574
576 275.59912229506574
578 295.5084525101901
580 295.5084525101901
582 289.17334376207987
584 289.17334376207987
586 289.17334376207987
588 276.5161578321174
590 276.5161578321174
592 276.5161578321174
594 276.5161578321174
596 288.6988101844118
598 288.6988101844118
600 288.6988101844118
602 288.6988101844118
604 288.6988101844118
606 288.6988101844118
608 289.5437193380552
610 284.0648041646811
612 284.0648041646811
614 284.0648041646811
616 285.87426535598524
618 285.87426535598524
620 285.87426535598524
622 285.87426535598524
624 285.87426535598524
626 285.87426535598524
628 285.87426535598524
630 285.87426535598524
632 292.582204818825
634 292.582204818825
636 294.74009775834605
638 273.33108910633905
640 273.33108910633905
642 279.7129890970807
644 279.7129890970807
646 279.7129890970807
648 279.7129890970807
650 286.9128503155768
652 286.9128503155768
654 286.9128503155768
656 286.9128503155768
658 295.5946703361062
660 295.5946703361062
662 289.6079829436519
664 286.39243130509504
666 286.39243130509504
668 280.78109928826024
670 281.3956345515192
672 281.3956345515192
674 284.88997331641673
676 284.88997331641673
678 283.9560066082856
680 283.9560066082856
682 283.5537924597339
684 283.5537924597339
686 283.5537924597339
688 283.01018433143
690 283.01018433143
692 290.8314621792637
694 273.8697745798669
696 273.8697745798669
698 276.22262266843984
700 276.22262266843984
702 278.8968302468696
704 278.8968302468696
706 287.27082181426084
708 287.27082181426084
710 268.6577601430645
712 268.6577601430645
714 263.97576125342056
716 263.97576125342056
718 263.6577500459335
720 263.6577500459335
722 275.08249494339185
724 275.08249494339185
726 282.25155766845864
728 282.25155766845864
730 285.0087451445621
732 285.0087451445621
734 280.78109928826024
736 280.78109928826024
738 280.78109928826024
740 280.78109928826024
742 280.78109928826024
744 280.78109928826024
746 278.68837269070065
748 278.68837269070065
750 273.19282315088
752 273.19282315088
754 276.6142640626404
756 276.6142640626404
758 271.95852036067555
760 271.95852036067555
762 271.95852036067555
764 271.95852036067555
766 271.95852036067555
768 278.2792598323552
770 278.2792598323552
772 278.2792598323552
774 278.2792598323552
776 278.2792598323552
778 277.8020566933734
780 277.8020566933734
782 278.58141285354935
784 278.58141285354935
786 278.58141285354935
788 281.4015738631697
790 281.4015738631697
792 281.4015738631697
794 281.4015738631697
796 281.4015738631697
798 281.4015738631697
