0 300.81845585411025
2 300.81845585411025
4 298.36388255964397
6 298.36388255964397
8 298.36388255964397
10 294.2762814787037
12 294.2762814787037
14 294.2762814787037
16 294.2762814787037
18 294.2762814787037
20 295.2896583451612
22 295.2896583451612
24 293.4559851475506
26 293.4559851475506
28 293.4559851475506
30 293.4559851475506
32 295.8356144845872
34 295.8356144845872
36 295.8356144845872
38 295.8356144845872
40 295.8356144845872
42 298.29211278617606
44 292.35859696996863
46 292.35859696996863
48 292.70549303582726
50 292.70549303582726
52 292.70549303582726
54 295.3977596586156
56 295.3977596586156
58 295.3977596586156
60 295.3977596586156
62 295.3977596586156
64 300.46077572003384
66 300.46077572003384
68 301.87209037930694
70 301.87209037930694
72 300.5629302385392
74 300.5629302385392
76 300.0205898789742
78 300.0205898789742
80 297.6291649553742
82 297.6291649553742
84 302.48823188446374
86 302.48823188446374
88 302.48823188446374
90 301.1904972740354
92 301.1904972740354
94 298.10441237337636
96 304.18146587498234
98 304.18146587498234
100 302.81422201118033
102 302.81422201118033
104 302.81422201118033
106 302.81422201118033
108 302.81422201118033
110 302.81422201118033
112 302.81422201118033
114 302.81422201118033
116 302.81422201118033
118 304.79082079650226
120 298.2443479418946
122 298.2443479418946
124 301.64538104648574
126 301.64538104648574
128 301.64538104648574
130 301.64538104648574
132 301.64538104648574
134 301.64538104648574
136 301.64538104648574
138 301.64538104648574
140 305.8241713004267
142 305.8241713004267
144 305.8241713004267
146 305.88365417882574
148 305.88365417882574
150 299.1297429925929
152 299.1297429925929
154 302.2918477387505
156 302.2918477387505
158 298.1073839670756
160 295.8804844789604
162 295.8804844789604
164 295.8804844789604
166 299.91689763357925
168 299.91689763357925
170 299.91689763357925
172 304.8405395515136
174 304.8405395515136
176 304.8405395515136
178 304.8405395515136
180 303.4295114455036
182 303.4295114455036
184 299.8604743581982
186 299.8604743581982
188 299.3324476326502
190 299.3324476326502
192 299.3324476326502
194 299.3324476326502
196 299.3324476326502
198 299.3324476326502
200 299.3324476326502
202 299.3324476326502
204 298.8856930162264
206 298.8856930162264
208 299.4157353992848
210 299.4157353992848
212 299.4157353992848
214 299.4157353992848
216 299.4157353992848
218 306.0078073544684
220 306.0078073544684
222 306.0078073544684
224 297.6908018632389
226 297.6908018632389
228 299.36635398423465
230 299.36635398423465
232 305.77274423736753
234 305.77274423736753
236 300.57220105386256
238 300.57220105386256
240 300.57220105386256
242 304.3855170115002
244 301.21171913263004
246 301.21171913263004
248 304.5275127033967
250 304.5275127033967
252 301.2510958732832
254 301.2510958732832
256 301.2510958732832
258 298.062836146063
260 298.062836146063
262 297.33705586580965
264 297.33705586580965
266 297.33705586580965
268 304.70783607152356
270 304.70783607152356
272 298.4118113355444
274 298.4118113355444
276 298.43880037375965
278 298.43880037375965
280 300.58455802426727
282 300.58455802426727
284 300.58455802426727
286 299.866738639478
288 299.866738639478
290 300.6678450415374
292 300.6678450415374
294 300.6678450415374
296 300.6678450415374
298 297.67905351204547
300 296.6335728775434
302 296.6335728775434
304 297.8763396590482
306 297.8763396590482
308 294.70094395326066
310 294.70094395326066
312 298.6584954904282
314 298.6584954904282
316 298.6584954904282
318 298.6584954904282
320 298.6584954904282
322 298.6584954904282
324 298.6584954904282
326 298.6584954904282
328 303.5775902448505
330 303.5775902448505
332 300.6555196466791
334 300.6555196466791
336 300.6555196466791
338 301.5134524951141
340 301.5134524951141
342 301.5134524951141
344 301.5134524951141
346 301.5134524951141
348 301.5134524951141
350 301.5134524951141
352 301.5134524951141
354 298.1549633869897
356 298.06580426474125
358 298.06580426474125
360 297.6878644221234
362 297.6878644221234
364 294.28441410357806
366 294.28441410357806
368 289.0286255995394
370 289.0286255995394
372 289.0286255995394
374 289.0286255995394
376 289.0286255995394
378 289.0286255995394
380 289.0286255995394
382 297.9265686861198
384 303.77325337944546
386 303.77325337944546
388 303.77325337944546
390 300.43596225021656
392 300.43596225021656
394 300.68324524625683
396 296.1309404562345
398 296.1309404562345
400 296.1309404562345
402 296.1309404562345
404 296.1309404562345
406 298.7582746688573
408 299.9200352181424
410 299.9200352181424
412 299.9200352181424
414 294.00053673503
416 294.00053673503
418 294.00053673503
420 294.00053673503
422 294.00053673503
424 294.00053673503
426 294.00053673503
428 294.00053673503
430 294.00053673503
432 294.00053673503
434 300.98364218744524
436 303.503618573084
438 303.503618573084
440 299.89180818097236
442 299.89180818097236
444 299.89180818097236
446 302.79972871817256
448 302.79972871817256
450 303.1977554651245
452 303.1977554651245
454 299.8354296214454
456 299.8354296214454
458 299.8354296214454
460 292.1048686941883
462 290.0325904792124
464 297.1657718032621
466 297.1657718032621
468 301.1601571755745
470 301.1601571755745
472 300.34585257093937
474 300.34585257093937
476 300.34585257093937
478 300.34585257093937
480 300.34585257093937
482 300.34585257093937
484 300.34585257093937
486 297.45946271840234
488 297.45946271840234
490 296.87144750683683
492 296.87144750683683
494 300.78163540076406
496 296.6107202866024
498 296.6107202866024
500 302.41214727700117
502 302.41214727700117
504 302.41214727700117
506 305.5474756497929
508 305.5474756497929
510 305.5474756497929
512 305.5474756497929
514 305.5474756497929
516 305.5474756497929
518 305.5474756497929
520 305.5474756497929
522 305.5474756497929
524 305.5474756497929
526 301.0902710290974
528 302.31241462252666
530 302.31241462252666
532 305.01138539089334
534 305.01138539089334
536 305.01138539089334
538 305.01138539089334
540 305.74023729420287
542 305.74023729420287
544 305.74023729420287
546 305.74023729420287
548 305.74023729420287
550 305.74023729420287
552 300.7201761733494
554 300.7201761733494
556 297.1165614743389
558 297.1165614743389
560 296.34600442698894
562 296.34600442698894
564 304.18426758471946
566 304.18426758471946
568 304.18426758471946
570 304.18426758471946
572 304.18426758471946
574 304.18426758471946
576 304.18426758471946
578 304.18426758471946
580 303.48937776546813
582 303.48937776546813
584 297.12524105514115
586 297.12524105514115
588 297.12524105514115
590 296.00974867542664
592 296.00974867542664
594 301.5434803894005
596 301.5434803894005
598 299.3324476326502
600 295.87206778268154
602 295.87206778268154
604 303.8975428181321
606 303.8975428181321
608 299.38486323418505
610 299.38486323418505
612 296.5137416410431
614 296.5137416410431
616 300.01115747422494
618 300.01115747422494
620 303.08568274675474
622 303.08568274675474
624 302.3329699620384
626 302.3329699620384
628 304.5080499723717
630 304.5080499723717
632 304.5080499723717
634 306.80790508212067
636 305.408551718573
638 305.408551718573
640 304.34924887627295
642 304.34924887627295
644 304.34924887627295
646 304.34924887627295
648 304.34924887627295
650 304.34924887627295
652 304.5414094584889
654 304.5414094584889
656 305.8106428674696
658 305.8106428674696
660 305.8106428674696
662 308.6793742012384
664 308.6793742012384
666 308.6793742012384
668 308.6793742012384
670 308.6793742012384
672 308.6793742012384
674 308.6793742012384
676 302.9646277870421
678 302.9646277870421
680 299.82604294703447
682 299.82604294703447
684 299.82604294703447
686 299.82604294703447
688 291.68582943754507
690 292.9722414290484
692 299.1021978167195
694 299.1021978167195
696 299.1021978167195
698 298.492841657242
700 298.492841657242
702 298.492841657242
704 298.492841657242
706 295.4838719628659
708 295.4838719628659
710 296.69076163218637
712 296.69076163218637
714 294.4990476061189
716 294.4990476061189
718 293.6806542118014
720 297.5969201547384
722 297.5969201547384
724 305.5175446600696
726 305.5175446600696
728 307.9892999521098
730 307.9892999521098
732 302.9934846955833
734 302.9934846955833
736 297.4799028793905
738 297.4799028793905
740 296.6335728775434
742 296.6335728775434
744 298.73103309852377
746 298.73103309852377
748 298.73103309852377
750 298.2264528707596
752 299.28319204670663
754 299.28319204670663
756 306.077850875504
758 306.077850875504
760 303.2235730656886
762 303.2235730656886
764 296.9981364060815
766 296.9981364060815
768 296.1450552491184
770 296.1450552491184
772 298.34293445888034
774 298.34293445888034
776 298.34293445888034
778 297.00102050378774
780 297.00102050378774
782 297.00102050378774
784 296.3261490391778
786 296.3261490391778
788 299.976565234608
790 299.976565234608
792 299.976565234608
794 299.976565234608
796 297.98871336747663
798 297.98871336747663
