0 287.03072804226827
2 292.86226989049806
4 292.86226989049806
6 293.58358379423674
8 293.58358379423674
10 293.58358379423674
12 292.8594338192619
14 292.8594338192619
16 292.8594338192619
18 292.8594338192619
20 292.8594338192619
22 292.8594338192619
24 292.8594338192619
26 292.8594338192619
28 292.8594338192619
30 292.8594338192619
32 291.70600775362334
34 290.4077758454704
36 290.4077758454704
38 289.0510791274219
40 289.0510791274219
42 288.68678955965737
44 288.68678955965737
46 290.4489740519116
48 290.4489740519116
50 290.4489740519116
52 290.4489740519116
54 290.4489740519116
56 289.06189454878256
58 289.06189454878256
60 289.0105325248367
62 289.0105325248367
64 293.1891947460631
66 293.1891947460631
68 293.74141743625455
70 288.70295043829094
72 288.70295043829094
74 288.70295043829094
76 288.3158340096635
78 288.3158340096635
80 288.3158340096635
82 288.43932875638507
84 288.43932875638507
86 291.519222255228
88 291.519222255228
90 291.519222255228
92 291.7227572842189
94 290.43798586315415
96 290.43798586315415
98 290.43798586315415
100 292.072561153809
102 289.51458341664795
104 289.51458341664795
106 289.51458341664795
108 287.4023823154034
110 290.84001109215177
112 290.84001109215177
114 290.84001109215177
116 290.7765464142084
118 293.72705336901925
120 293.72705336901925
122 293.72705336901925
124 296.9853480245544
126 296.9853480245544
128 293.50910168216006
130 289.88494111365776
132 289.88494111365776
134 287.62066324594514
136 287.62066324594514
138 291.40236526983523
140 291.40236526983523
142 289.639677147729
144 289.639677147729
146 282.965294038826
148 282.965294038826
150 287.4821891154555
152 287.4821891154555
154 287.4821891154555
156 293.6265921176041
158 293.6265921176041
160 295.82680406266115
162 291.7953816525549
164 291.7953816525549
166 295.4476937317529
168 295.4476937317529
170 295.4476937317529
172 295.4476937317529
174 296.11275278365315
176 289.4222355442771
178 289.4222355442771
180 294.1217726519864
182 294.1217726519864
184 297.76723552608996
186 297.76723552608996
188 297.76723552608996
190 294.13044302256145
192 294.13044302256145
194 289.49284593006763
196 289.49284593006763
198 289.49284593006763
200 289.49284593006763
202 284.64567207963864
204 284.64567207963864
206 284.64567207963864
208 284.64567207963864
210 284.64567207963864
212 285.6267266462958
214 289.1105796000139
216 289.1105796000139
218 292.6442273301822
220 292.6442273301822
222 295.83571875792427
224 295.83571875792427
226 295.83571875792427
228 295.83571875792427
230 298.95582886011573
232 298.95582886011573
234 298.95582886011573
236 298.95582886011573
238 298.95582886011573
240 290.5011878783966
242 290.5011878783966
244 290.5011878783966
246 288.6437072277912
248 288.6437072277912
250 292.9275314038837
252 292.9275314038837
254 308.3370075668234
256 308.3370075668234
258 306.2999856954149
260 306.2999856954149
262 305.5258876819277
264 305.5258876819277
266 305.5258876819277
268 300.5838244788792
270 295.56590535347766
272 295.56590535347766
274 295.56590535347766
276 293.6065181076461
278 291.52479131509443
280 291.52479131509443
282 292.38458557149244
284 292.38458557149244
286 292.38458557149244
288 298.77672849063674
290 298.77672849063674
292 298.77672849063674
294 298.77672849063674
296 298.77672849063674
298 298.77672849063674
300 298.77672849063674
302 306.5493230602662
304 306.5493230602662
306 303.0734963952692
308 303.0734963952692
310 296.3221525457825
312 296.3221525457825
314 293.7586584453861
316 293.7586584453861
318 300.45022729299
320 300.45022729299
322 300.45022729299
324 300.45022729299
326 310.2634303587813
328 310.2634303587813
330 310.2634303587813
332 310.2634303587813
334 310.2634303587813
336 310.2634303587813
338 310.2634303587813
340 310.2634303587813
342 307.1332347004517
344 307.1332347004517
346 298.1593960294972
348 298.1593960294972
350 292.9076627269767
352 292.9076627269767
354 304.20116442006196
356 304.20116442006196
358 304.20116442006196
360 304.20116442006196
362 304.20116442006196
364 304.20116442006196
366 304.20116442006196
368 308.12748975476507
370 300.443856545385
372 300.443856545385
374 296.87628598636246
376 296.87628598636246
378 296.87628598636246
380 296.7312019038065
382 296.7312019038065
384 302.42443938970285
386 309.5549131863638
388 309.5549131863638
390 309.5549131863638
392 309.5549131863638
394 308.32026756673577
396 308.32026756673577
398 295.92494053786305
400 295.92494053786305
402 295.92494053786305
404 295.92494053786305
406 295.92494053786305
408 300.72340023158847
410 300.72340023158847
412 300.72340023158847
414 300.72340023158847
416 301.7581417096518
418 301.7581417096518
420 301.7581417096518
422 302.0645688635458
424 302.0645688635458
426 306.53787965231754
428 306.53787965231754
430 312.6545500525924
432 312.6545500525924
434 312.6545500525924
436 312.6545500525924
438 312.6545500525924
440 312.6545500525924
442 314.23548053293024
444 314.23548053293024
446 314.23548053293024
448 314.23548053293024
450 297.4023780351124
452 297.4023780351124
454 302.21865692146594
456 302.21865692146594
458 303.8884863873668
460 303.8884863873668
462 303.8884863873668
464 303.8884863873668
466 309.89759757111085
468 309.89759757111085
470 313.1742468826548
472 313.1742468826548
474 313.1742468826548
476 303.00377944292137
478 303.00377944292137
480 303.00377944292137
482 297.2467615150153
484 297.2467615150153
486 301.43116614766296
488 301.43116614766296
490 301.43116614766296
492 302.26479645194013
494 302.26479645194013
496 302.26479645194013
498 302.26479645194013
500 302.26479645194013
502 302.26479645194013
504 302.26479645194013
506 302.26479645194013
508 299.76496863205307
510 309.06169915297414
512 309.06169915297414
514 305.330888403708
516 305.330888403708
518 301.64626767252076
520 301.64626767252076
522 301.64626767252076
524 300.6853727667293
526 300.6853727667293
528 300.6853727667293
530 300.6853727667293
532 305.0709129902644
534 305.0709129902644
536 305.0709129902644
538 303.9779947293637
540 303.9779947293637
542 303.48697013066584
544 303.48697013066584
546 305.5752692169046
548 305.5752692169046
550 306.23966031501226
552 306.23966031501226
554 306.23966031501226
556 309.6674680658033
558 309.6674680658033
560 309.6674680658033
562 306.1648951496913
564 306.1648951496913
566 310.3070091105532
568 310.3070091105532
570 310.3070091105532
572 299.0062163492942
574 297.9151121370374
576 297.9151121370374
578 296.121711437879
580 296.121711437879
582 303.6431178422848
584 303.6431178422848
586 303.6431178422848
588 309.56040720516233
590 309.56040720516233
592 309.56040720516233
594 309.56040720516233
596 309.56040720516233
598 309.56040720516233
600 309.56040720516233
602 309.56040720516233
604 309.56040720516233
606 309.56040720516233
608 303.8855003879197
610 304.9771703702662
612 304.9771703702662
614 305.8938744165526
616 305.8938744165526
618 305.8938744165526
620 306.17640301986177
622 306.17640301986177
624 309.3265878105078
626 309.3265878105078
628 309.3265878105078
630 310.33423486216617
632 310.33423486216617
634 310.33423486216617
636 310.33423486216617
638 310.33423486216617
640 310.33423486216617
642 309.13076454001106
644 309.13076454001106
646 303.4749409385676
648 303.4749409385676
650 305.6188092038001
652 305.6188092038001
654 307.8837093303825
656 307.8837093303825
658 304.52400115202147
660 304.52400115202147
662 304.52400115202147
664 298.24935566743017
666 298.24935566743017
668 298.215214830836
670 298.215214830836
672 306.18215619856653
674 306.18215619856653
676 307.14457902465796
678 306.0612332164075
680 306.0612332164075
682 304.2961251596441
684 304.2961251596441
686 306.1648951496913
688 306.1648951496913
690 306.1648951496913
692 306.1706493369921
694 300.33862063580204
696 300.33862063580204
698 300.33862063580204
700 300.33862063580204
702 297.81032373849314
704 297.81032373849314
706 298.5763786498184
708 298.5763786498184
710 301.3780322507652
712 301.3780322507652
714 300.5552267196581
716 300.5552267196581
718 307.02253054849234
720 307.02253054849234
722 307.02253054849234
724 307.02253054849234
726 307.02253054849234
728 307.02253054849234
730 307.02253054849234
732 307.02253054849234
734 307.02253054849234
736 310.4104223076485
738 310.4104223076485
740 310.4104223076485
742 310.59517766998886
744 310.59517766998886
746 303.3273747647894
748 303.3273747647894
750 303.3273747647894
752 299.6946390499461
754 299.6946390499461
756 299.6946390499461
758 299.6946390499461
760 299.6946390499461
762 299.6946390499461
764 299.6946390499461
766 305.8389556939472
768 305.8389556939472
770 305.8389556939472
772 306.26552079843043
774 306.26552079843043
776 304.9976888155167
778 304.9976888155167
780 304.9976888155167
782 304.9976888155167
784 304.9976888155167
786 304.9976888155167
788 304.9976888155167
790 304.9976888155167
792 304.9976888155167
794 303.2005800258257
796 303.2005800258257
798 306.79773863578055
