0 328.07928948483004
2 323.708513240957
4 323.708513240957
6 311.6213822187642
8 308.4765167858823
10 308.4765167858823
12 307.13044261359585
14 307.13044261359585
16 306.9226541646183
18 306.9226541646183
20 306.9226541646183
22 306.9226541646183
24 305.90782421534766
26 305.90782421534766
28 305.90782421534766
30 305.90782421534766
32 305.90782421534766
34 305.90782421534766
36 305.90782421534766
38 307.38042287047466
40 313.13822144186935
42 313.13822144186935
44 320.53812976399973
46 320.53812976399973
48 315.61423684260404
50 315.61423684260404
52 298.25259239095
54 298.25259239095
56 298.25259239095
58 298.25259239095
60 298.25259239095
62 298.25259239095
64 298.25259239095
66 298.25259239095
68 298.25259239095
70 298.59684300017005
72 315.17736538875516
74 315.17736538875516
76 315.17736538875516
78 315.0579704774714
80 315.0579704774714
82 308.9392315275896
84 308.9392315275896
86 301.56250104382315
88 301.56250104382315
90 301.56250104382315
92 301.56250104382315
94 301.56250104382315
96 287.93202253406906
98 287.93202253406906
100 289.7588162836403
102 289.7588162836403
104 297.1514000346661
106 297.1514000346661
108 302.08059577799713
110 302.08059577799713
112 304.31737914194764
114 304.31737914194764
116 286.95712915498893
118 286.95712915498893
120 286.95712915498893
122 290.3646162966062
124 290.3646162966062
126 298.7336396353413
128 312.33864739493566
130 312.33864739493566
132 321.01467286716456
134 321.01467286716456
136 320.34055973430264
138 320.34055973430264
140 309.4356964491619
142 309.4356964491619
144 311.6857094509672
146 311.6857094509672
148 311.6857094509672
150 311.6857094509672
152 317.19691984094754
154 317.19691984094754
156 309.381976634663
158 309.381976634663
160 309.381976634663
162 287.76316238379655
164 287.76316238379655
166 287.76316238379655
168 287.76316238379655
170 287.76316238379655
172 287.76316238379655
174 291.06979253545154
176 291.06979253545154
178 306.8859393081605
180 306.8859393081605
182 313.67410569508615
184 318.8402680819339
186 318.8402680819339
188 311.01727087594287
190 311.01727087594287
192 311.01727087594287
194 311.01727087594287
196 301.4910111967058
198 301.4910111967058
200 301.4910111967058
202 301.4910111967058
204 301.4910111967058
206 301.4910111967058
208 301.4910111967058
210 301.4910111967058
212 298.9817535968812
214 298.9817535968812
216 308.6149491310334
218 308.6149491310334
220 298.20723131214925
222 298.20723131214925
224 298.20723131214925
226 307.71476633594983
228 307.71476633594983
230 307.71476633594983
232 307.71476633594983
234 307.71476633594983
236 307.71476633594983
238 304.1914508767765
240 304.1914508767765
242 299.5789907970011
244 299.5789907970011
246 297.4462269574769
248 295.18382687526986
250 295.18382687526986
252 292.7384209482728
254 292.7384209482728
256 290.50765883313903
258 290.50765883313903
260 290.50765883313903
262 290.50765883313903
264 290.50765883313903
266 291.6530879149092
268 291.6530879149092
270 291.6530879149092
272 299.56581754584965
274 299.56581754584965
276 294.6846175993936
278 294.6846175993936
280 294.6846175993936
282 295.63547490470285
284 298.265557217249
286 298.265557217249
288 297.31150614934523
290 297.31150614934523
292 289.75289390807274
294 289.75289390807274
296 289.75289390807274
298 289.75289390807274
300 289.82398378124026
302 289.82398378124026
304 285.74940233963054
306 285.74940233963054
308 296.5901781911452
310 296.5901781911452
312 296.5901781911452
314 296.5901781911452
316 296.5901781911452
318 296.5901781911452
320 296.5901781911452
322 296.5901781911452
324 304.7630023393174
326 304.7630023393174
328 304.7630023393174
330 303.75562364326885
332 305.1503521389766
334 305.1503521389766
336 317.05121583018985
338 317.05121583018985
340 315.6199011993038
342 315.6199011993038
344 314.24776450604554
346 314.24776450604554
348 314.24776450604554
350 314.24776450604554
352 314.24776450604554
354 314.24776450604554
356 314.24776450604554
358 314.24776450604554
360 314.24776450604554
362 314.24776450604554
364 314.24776450604554
366 307.7208348553879
368 301.7895618190759
370 301.7895618190759
372 293.51580917301527
374 293.51580917301527
376 306.65922150469646
378 306.65922150469646
380 306.65922150469646
382 301.94490534256244
384 301.94490534256244
386 291.5265248161727
388 291.5265248161727
390 291.5265248161727
392 291.5265248161727
394 291.5265248161727
396 291.5265248161727
398 291.5265248161727
400 291.5265248161727
402 318.340771472773
404 307.13044261359585
406 307.13044261359585
408 308.74118048084614
410 308.74118048084614
412 290.0494109215505
414 290.0494109215505
416 290.0494109215505
418 290.0494109215505
420 290.0494109215505
422 290.0494109215505
424 290.0494109215505
426 301.8025181104445
428 316.4331422925011
430 316.4331422925011
432 310.6107445336804
434 310.6107445336804
436 296.80658328676213
438 296.80658328676213
440 303.43845519263715
442 303.43845519263715
444 304.3488335022881
446 304.3488335022881
448 304.3488335022881
450 304.3488335022881
452 305.3371919332078
454 305.3371919332078
456 295.31532415423345
458 295.31532415423345
460 295.31532415423345
462 308.7051302308674
464 308.7051302308674
466 308.7051302308674
468 308.7051302308674
470 308.7051302308674
472 311.4047423681145
474 302.4027935758471
476 302.4027935758471
478 294.54781003412063
480 294.54781003412063
482 305.1877505306689
484 296.7046785417849
486 296.7046785417849
488 302.75580683813524
490 302.75580683813524
492 304.1031951518173
494 304.1031951518173
496 304.1031951518173
498 304.1031951518173
500 304.1031951518173
502 304.1031951518173
504 304.1031951518173
506 304.1031951518173
508 300.3452544070173
510 300.3452544070173
512 291.02183311525874
514 291.02183311525874
516 291.02183311525874
518 291.02183311525874
520 295.6732148455158
522 295.6732148455158
524 295.6732148455158
526 295.6732148455158
528 295.6732148455158
530 295.6732148455158
532 295.6732148455158
534 295.6732148455158
536 295.5788947882927
538 295.5788947882927
540 315.1262092925977
542 315.1262092925977
544 315.1262092925977
546 315.1262092925977
548 315.1262092925977
550 315.1262092925977
552 315.42150755551813
554 315.42150755551813
556 315.42150755551813
558 300.25949580648995
560 304.63142770796213
562 304.63142770796213
564 313.9440506306255
566 313.9440506306255
568 308.27756692010894
570 308.27756692010894
572 308.27756692010894
574 294.3243786364303
576 294.3243786364303
578 294.3243786364303
580 296.0641323156201
582 296.0641323156201
584 296.0641323156201
586 301.9319710238225
588 297.5811607779407
590 297.5811607779407
592 294.7904719347345
594 294.7904719347345
596 294.7904719347345
598 287.6642884703399
600 287.6642884703399
602 287.6642884703399
604 309.6026499803139
606 309.6026499803139
608 309.6026499803139
610 303.17751515727656
612 301.45849548470414
614 301.45849548470414
616 288.2237380255967
618 288.2237380255967
620 284.0887302300825
622 284.0887302300825
624 284.0887302300825
626 301.38040579128716
628 301.38040579128716
630 301.38040579128716
632 291.58074684020346
634 291.58074684020346
636 291.58074684020346
638 291.58074684020346
640 291.58074684020346
642 285.68645955965
644 306.0746322012298
646 306.0746322012298
648 305.0380651992225
650 305.0380651992225
652 314.66490962609106
654 314.66490962609106
656 298.7075657032793
658 298.7075657032793
660 298.7075657032793
662 298.7075657032793
664 299.11919083773125
666 299.4407781351076
668 284.38862374733657
670 284.38862374733657
672 284.23576559679304
674 284.23576559679304
676 284.23576559679304
678 284.23576559679304
680 284.23576559679304
682 284.23576559679304
684 284.23576559679304
686 284.23576559679304
688 284.23576559679304
690 273.60257771187077
692 273.60257771187077
694 292.95203892835474
696 292.95203892835474
698 289.7943573316931
700 289.7943573316931
702 293.0926725921028
704 295.4595648688014
706 295.4595648688014
708 295.4595648688014
710 295.4595648688014
712 285.96708068727514
714 285.96708068727514
716 285.96708068727514
718 285.96708068727514
720 285.96708068727514
722 285.96708068727514
724 290.3944008896392
726 298.6945318179392
728 289.19172720173066
730 289.19172720173066
732 289.19172720173066
734 287.16536483449164
736 287.16536483449164
738 287.16536483449164
740 287.16536483449164
742 287.16536483449164
744 287.16536483449164
746 287.16536483449164
748 287.16536483449164
750 281.3565938352413
752 287.9728185343097
754 287.9728185343097
756 294.5788848554544
758 294.5788848554544
760 290.2336632251221
762 290.2336632251221
764 290.2336632251221
766 291.85833551688046
768 280.2122265385034
770 280.2122265385034
772 280.2122265385034
774 297.7549623794576
776 312.31539100864387
778 312.31539100864387
780 299.58557822496186
782 299.58557822496186
784 294.44223366887286
786 294.44223366887286
788 293.7250021629264
790 293.7250021629264
792 293.7250021629264
794 290.6031282905321
796 290.6031282905321
798 285.0074865402056
