0 314.7098582699885
2 314.7098582699885
4 317.18578587806246
6 317.18578587806246
8 316.23032770984906
10 316.23032770984906
12 316.5919768366802
14 316.5919768366802
16 313.4760585223893
18 318.3039600858003
20 318.3039600858003
22 313.0618878331998
24 313.0618878331998
26 309.3466324831726
28 309.3466324831726
30 309.3466324831726
32 309.3466324831726
34 309.3466324831726
36 310.1376821783179
38 310.1376821783179
40 309.7543683027332
42 309.7543683027332
44 311.8318594776531
46 313.6934393349313
48 313.6934393349313
50 313.1928437557907
52 313.1928437557907
54 314.9035482754091
56 314.9035482754091
58 315.20427260255576
60 315.20427260255576
62 315.20427260255576
64 315.20427260255576
66 315.20427260255576
68 315.20427260255576
70 313.84536472150245
72 313.84536472150245
74 309.6413046842744
76 309.6413046842744
78 312.5803714697888
80 312.5803714697888
82 312.5803714697888
84 312.5803714697888
86 311.07770761544447
88 311.07770761544447
90 311.07770761544447
92 310.16017784314613
94 310.16017784314613
96 310.16017784314613
98 310.16017784314613
100 310.16017784314613
102 310.16017784314613
104 310.16017784314613
106 309.11925318257516
108 309.11925318257516
110 306.17201648025934
112 306.17201648025934
114 306.78507026776356
116 306.78507026776356
118 306.78507026776356
120 303.83376250832436
122 303.83376250832436
124 303.83376250832436
126 303.83376250832436
128 303.83376250832436
130 303.83376250832436
132 303.83376250832436
134 303.83376250832436
136 303.83376250832436
138 303.83376250832436
140 306.50278983311836
142 305.2900100626611
144 305.2900100626611
146 303.31587869738354
148 303.31587869738354
150 302.81843846094534
152 302.81843846094534
154 301.3766826023143
156 301.3766826023143
158 301.3766826023143
160 302.1147949543935
162 306.59700892163966
164 306.59700892163966
166 306.59700892163966
168 304.78411770243355
170 304.78411770243355
172 308.5250845578699
174 308.5250845578699
176 309.36933625215636
178 304.27418764043847
180 304.27418764043847
182 307.7644409920759
184 307.7644409920759
186 307.04284676251535
188 307.04284676251535
190 304.15216205242086
192 304.15216205242086
194 304.3959747358414
196 304.3959747358414
198 305.1699169091766
200 305.1699169091766
202 305.1699169091766
204 304.22540615509723
206 304.22540615509723
208 305.3379857194265
210 306.1956956651173
212 306.1956956651173
214 304.9049282667735
216 304.9049282667735
218 302.7934554816679
220 302.7934554816679
222 304.27418764043847
224 304.27418764043847
226 301.453495078609
228 301.453495078609
230 301.453495078609
232 301.453495078609
234 301.453495078609
236 301.453495078609
238 301.453495078609
240 301.8105512458068
242 301.42790281434566
244 301.42790281434566
246 299.765313280776
248 299.765313280776
250 299.765313280776
252 300.2374345969292
254 300.2374345969292
256 300.2374345969292
258 300.2374345969292
260 300.2374345969292
262 300.2374345969292
264 300.2374345969292
266 300.2374345969292
268 301.96287865980196
270 301.42790281434566
272 301.42790281434566
274 301.42790281434566
276 295.29102070866674
278 295.29102070866674
280 295.29102070866674
282 297.6103861793764
284 297.6103861793764
286 297.6103861793764
288 297.6103861793764
290 301.93751943494266
292 301.93751943494266
294 302.5932040383398
296 302.5932040383398
298 302.5932040383398
300 302.5932040383398
302 302.5932040383398
304 302.5932040383398
306 302.5932040383398
308 303.88285468961595
310 303.88285468961595
312 303.88285468961595
314 303.88285468961595
316 304.63884272090695
318 304.63884272090695
320 302.7934554816679
322 302.7934554816679
324 299.7914907157614
326 302.06420157861487
328 302.06420157861487
330 303.1422511519544
332 303.1422511519544
334 305.5056258441715
336 305.5056258441715
338 305.24199927288106
340 305.24199927288106
342 305.24199927288106
344 304.9773056818556
346 300.8618251382736
348 300.8618251382736
350 296.11972166937096
352 296.11972166937096
354 296.11972166937096
356 296.11972166937096
358 302.24108120629853
360 302.24108120629853
362 302.24108120629853
364 301.27409880852156
366 301.27409880852156
368 301.27409880852156
370 301.27409880852156
372 301.27409880852156
374 301.27409880852156
376 301.27409880852156
378 301.27409880852156
380 301.27409880852156
382 301.27409880852156
384 297.0345036071397
386 297.3592988352276
388 297.3592988352276
390 299.53029718721285
392 299.53029718721285
394 300.7582646802994
396 300.7582646802994
398 300.7582646802994
400 299.60852023143707
402 299.60852023143707
404 299.60852023143707
406 299.60852023143707
408 299.60852023143707
410 299.60852023143707
412 299.60852023143707
414 299.60852023143707
416 299.60852023143707
418 293.9015594688307
420 293.9015594688307
422 292.0991267977135
424 292.0991267977135
426 295.8992826230053
428 295.8992826230053
430 295.8992826230053
432 295.8992826230053
434 295.8992826230053
436 295.8992826230053
438 297.2591687429212
440 297.2591687429212
442 299.8701010984218
444 299.8701010984218
446 299.16676354968206
448 299.16676354968206
450 299.16676354968206
452 299.16676354968206
454 299.16676354968206
456 299.16676354968206
458 299.16676354968206
460 299.16676354968206
462 299.16676354968206
464 298.0397835218387
466 299.8701010984218
468 299.8701010984218
470 298.80566441152246
472 298.80566441152246
474 299.5042483785849
476 299.5042483785849
478 298.3703679776346
480 298.3703679776346
482 298.3703679776346
484 297.0345036071397
486 297.0345036071397
488 296.21794970544966
490 294.2581227080039
492 294.2581227080039
494 295.1942404544148
496 295.1942404544148
498 292.8193870571032
500 292.8193870571032
502 292.8193870571032
504 296.8355209690301
506 295.4850244957998
508 295.4850244957998
510 297.3592988352276
512 297.3592988352276
514 297.3592988352276
516 293.83047030728096
518 293.83047030728096
520 295.75275940341936
522 295.0734706204049
524 295.0734706204049
526 294.6645321309716
528 294.6645321309716
530 293.9015594688307
532 293.9015594688307
534 293.9015594688307
536 293.9015594688307
538 293.9015594688307
540 293.9015594688307
542 293.9015594688307
544 293.9015594688307
546 293.9015594688307
548 293.9015594688307
550 290.8148562723255
552 290.8148562723255
554 290.8148562723255
556 296.2671231745593
558 294.4968856197236
560 294.4968856197236
562 291.7070413899346
564 291.7070413899346
566 291.7070413899346
568 291.7070413899346
570 291.7070413899346
572 291.7070413899346
574 291.7070413899346
576 291.7070413899346
578 291.7070413899346
580 290.6330473539431
582 294.2342932271161
584 294.2342932271161
586 295.0493438721969
588 295.0493438721969
590 295.8992826230053
592 295.8992826230053
594 299.3222618031385
596 299.3222618031385
598 299.3222618031385
600 299.3222618031385
602 299.3222618031385
604 299.3222618031385
606 299.3222618031385
608 299.3222618031385
610 298.8313778404205
612 296.5135912372897
614 292.2379913305059
616 292.2379913305059
618 288.85784844232626
620 288.85784844232626
622 288.72442471505224
624 288.72442471505224
626 288.72442471505224
628 291.24827160329465
630 291.24827160329465
632 295.0493438721969
634 295.0493438721969
636 297.6103861793764
638 293.07666972392013
640 293.07666972392013
642 294.52080909433124
644 294.52080909433124
646 295.6796271108029
648 295.6796271108029
650 296.0951893193072
652 296.0951893193072
654 294.52080909433124
656 294.52080909433124
658 292.8427386536096
660 292.8427386536096
662 292.8427386536096
664 292.8427386536096
666 291.1339906245177
668 291.1339906245177
670 293.97272253200555
672 293.97272253200555
674 290.7239021137626
676 290.7239021137626
678 290.7239021137626
680 290.7239021137626
682 290.7239021137626
684 290.7239021137626
686 290.7239021137626
688 290.7239021137626
690 290.7239021137626
692 291.96051533470245
694 291.983599802128
696 291.983599802128
698 291.983599802128
700 291.983599802128
702 291.983599802128
704 295.24261223237886
706 295.24261223237886
708 295.24261223237886
710 295.24261223237886
712 295.24261223237886
714 295.24261223237886
716 295.24261223237886
718 295.24261223237886
720 293.87785489219743
722 291.8913035398271
724 291.8913035398271
726 291.0654995280537
728 291.0654995280537
730 291.0654995280537
732 291.0654995280537
734 290.5422911689217
736 290.5422911689217
738 290.5422911689217
740 290.5422911689217
742 290.5422911689217
744 290.5422911689217
746 294.2819606491862
748 294.2819606491862
750 296.0951893193072
752 296.0951893193072
754 294.4729707750254
756 294.4729707750254
758 294.4729707750254
760 292.28433628325973
762 292.28433628325973
764 291.96051533470245
766 291.96051533470245
768 291.96051533470245
770 287.5975704788298
772 287.5975704788298
774 291.8451968745449
776 291.8451968745449
778 295.1942404544148
780 295.1942404544148
782 291.91436721772374
784 291.91436721772374
786 291.91436721772374
788 291.91436721772374
790 291.91436721772374
792 291.91436721772374
794 297.1592108451571
796 297.1592108451571
798 296.0951893193072
