0 344.5813867218209
2 344.5813867218209
4 341.02872689015214
6 341.02872689015214
8 341.02872689015214
10 328.5263947622199
12 328.5263947622199
14 328.5263947622199
16 328.5263947622199
18 328.5263947622199
20 328.5263947622199
22 328.5263947622199
24 338.36616495326393
26 364.0736652685894
28 364.0736652685894
30 350.4027433833876
32 350.4027433833876
34 350.4027433833876
36 349.1018488537044
38 350.8140974820549
40 350.8140974820549
42 350.8140974820549
44 344.6763655398654
46 343.95247019905395
48 343.95247019905395
50 343.95247019905395
52 339.3751656848302
54 339.3751656848302
56 334.9431581723777
58 334.9431581723777
60 340.0065700352748
62 342.1723251640711
64 342.1723251640711
66 352.62440389375297
68 352.62440389375297
70 352.62440389375297
72 365.1078742159871
74 365.1078742159871
76 359.1232948516319
78 359.1232948516319
80 371.2929602422744
82 371.2929602422744
84 365.910002013153
86 365.910002013153
88 365.910002013153
90 331.021361643777
92 331.021361643777
94 337.2050457091209
96 337.2050457091209
98 337.224209492768
100 337.224209492768
102 337.224209492768
104 337.224209492768
106 337.224209492768
108 345.99402479931393
110 345.99402479931393
112 345.99402479931393
114 345.99402479931393
116 345.99402479931393
118 345.99402479931393
120 346.31041722593
122 345.35713660214657
124 345.35713660214657
126 363.67437543149947
128 363.67437543149947
130 356.8145813302868
132 356.8145813302868
134 356.8145813302868
136 356.8145813302868
138 356.8145813302868
140 356.8145813302868
142 356.8145813302868
144 356.8145813302868
146 356.8145813302868
148 356.8145813302868
150 343.01217150321713
152 343.01217150321713
154 358.09385059066494
156 358.09385059066494
158 357.98776968040914
160 357.98776968040914
162 348.31978148663785
164 348.31978148663785
166 348.31978148663785
168 344.1617226660961
170 344.1617226660961
172 356.5194408426573
174 356.5194408426573
176 349.0240824921036
178 348.22857132151296
180 348.22857132151296
182 344.10093240132534
184 344.10093240132534
186 347.25823243708845
188 347.25823243708845
190 349.7332250325691
192 349.7332250325691
194 344.51359365171356
196 344.51359365171356
198 344.51359365171356
200 344.51359365171356
202 344.51359365171356
204 344.51359365171356
206 344.51359365171356
208 341.06162831324923
210 344.6560061936242
212 344.6560061936242
214 343.41422127450556
216 343.41422127450556
218 351.27315186274717
220 351.27315186274717
222 351.27315186274717
224 351.27315186274717
226 351.27315186274717
228 351.27315186274717
230 347.7178581370097
232 347.7178581370097
234 346.8213390722218
236 346.8213390722218
238 346.8213390722218
240 363.2866732688303
242 363.2866732688303
244 363.2866732688303
246 363.2866732688303
248 363.2866732688303
250 363.2866732688303
252 363.2866732688303
254 363.2866732688303
256 363.2866732688303
258 363.2866732688303
260 356.2168114152164
262 348.2636427427554
264 348.2636427427554
266 346.4413699133028
268 346.4413699133028
270 346.4413699133028
272 358.17997236913675
274 358.17997236913675
276 358.17997236913675
278 358.17997236913675
280 358.17997236913675
282 358.17997236913675
284 358.3983130859306
286 358.3983130859306
288 337.9801461603828
290 346.7729049821113
292 346.7729049821113
294 362.09769373412774
296 362.09769373412774
298 362.09769373412774
300 362.09769373412774
302 362.09769373412774
304 348.8687253371072
306 341.44393311530087
308 341.44393311530087
310 356.07531129566564
312 356.07531129566564
314 360.6450916004384
316 360.6450916004384
318 368.7953839636248
320 368.7953839636248
322 368.7953839636248
324 347.23738748261036
326 343.8042004215761
328 343.8042004215761
330 344.4797123713494
332 344.4797123713494
334 349.24339287602857
336 349.24339287602857
338 340.3594451425202
340 340.3594451425202
342 326.69835343757836
344 326.69835343757836
346 326.69835343757836
348 335.3523147698388
350 335.3523147698388
352 335.3523147698388
354 335.3523147698388
356 335.3523147698388
358 335.3523147698388
360 335.3523147698388
362 335.3523147698388
364 365.3276383480024
366 358.8799169899398
368 358.8799169899398
370 361.7634053742645
372 361.7634053742645
374 362.4951790243949
376 362.4951790243949
378 335.050057166606
380 335.050057166606
382 335.050057166606
384 335.050057166606
386 321.1165919344152
388 321.1165919344152
390 321.1165919344152
392 321.1165919344152
394 339.93480930071627
396 339.93480930071627
398 362.9234099166446
400 362.9234099166446
402 362.9234099166446
404 357.5758141614459
406 357.5758141614459
408 343.5619892231481
410 343.5619892231481
412 343.5619892231481
414 343.5619892231481
416 343.5619892231481
418 339.07034534111176
420 339.07034534111176
422 343.38737463721685
424 343.38737463721685
426 343.38737463721685
428 360.78784081656806
430 360.78784081656806
432 360.78784081656806
434 360.78784081656806
436 360.78784081656806
438 344.3307551526244
440 344.3307551526244
442 344.3307551526244
444 337.4479867178011
446 348.7417882721323
448 348.7417882721323
450 348.7417882721323
452 336.5423503918513
454 336.5423503918513
456 336.5423503918513
458 336.5423503918513
460 336.5423503918513
462 336.5423503918513
464 336.5423503918513
466 336.5423503918513
468 336.5423503918513
470 343.72340669243226
472 343.72340669243226
474 350.0467932765089
476 350.0467932765089
478 346.89056848040394
480 346.89056848040394
482 346.89056848040394
484 348.3268009498381
486 339.5245971826903
488 339.5245971826903
490 339.5245971826903
492 339.5245971826903
494 344.2834006998269
496 344.2834006998269
498 344.2834006998269
500 358.3454182543812
502 358.3454182543812
504 358.3454182543812
506 377.2034908298434
508 377.2034908298434
510 347.7178581370097
512 347.7178581370097
514 356.72075436135356
516 356.72075436135356
518 356.72075436135356
520 363.76320449973093
522 363.76320449973093
524 363.76320449973093
526 344.83937315956257
528 344.83937315956257
530 344.83937315956257
532 344.83937315956257
534 344.83937315956257
536 333.2182901887275
538 343.8513563661792
540 343.8513563661792
542 343.8513563661792
544 343.8513563661792
546 359.72638181504476
548 359.72638181504476
550 359.72638181504476
552 354.0754587235356
554 354.0754587235356
556 354.0754587235356
558 354.0754587235356
560 354.0754587235356
562 354.0754587235356
564 354.0754587235356
566 354.0754587235356
568 354.0754587235356
570 354.6846462256355
572 354.6846462256355
574 359.5758840289548
576 359.5758840289548
578 365.4029105632423
580 365.4029105632423
582 365.4029105632423
584 372.4626908389347
586 372.4626908389347
588 372.4626908389347
590 372.4626908389347
592 356.30431939759296
594 356.30431939759296
596 361.58305412514085
598 351.033285630988
600 351.033285630988
602 347.836570249704
604 347.836570249704
606 335.5163020915176
608 335.5163020915176
610 339.5310981671161
612 339.5310981671161
614 339.5310981671161
616 341.708293688478
618 341.708293688478
620 346.6415506609293
622 346.6415506609293
624 356.6402708989992
626 356.6402708989992
628 368.7094521326154
630 372.2642318243611
632 372.2642318243611
634 358.8535769309453
636 358.8535769309453
638 358.8535769309453
640 353.71795801597835
642 353.71795801597835
644 353.71795801597835
646 353.71795801597835
648 353.71795801597835
650 353.71795801597835
652 356.1898724674983
654 356.1898724674983
656 359.30715356971405
658 359.30715356971405
660 349.47026985861146
662 385.430501458497
664 385.430501458497
666 375.8597120302719
668 375.8597120302719
670 375.8597120302719
672 349.91128230049355
674 344.9005621041291
676 344.9005621041291
678 344.9005621041291
680 344.9005621041291
682 344.9005621041291
684 344.9005621041291
686 348.7417882721323
688 348.7417882721323
690 348.7417882721323
692 359.9876873420457
694 349.86139482891747
696 349.86139482891747
698 346.95291310966576
700 346.95291310966576
702 345.5895509034748
704 345.5895509034748
706 345.5895509034748
708 345.5895509034748
710 345.5895509034748
712 345.5895509034748
714 345.5895509034748
716 345.5895509034748
718 345.5895509034748
720 345.5895509034748
722 347.941427302181
724 347.941427302181
726 350.0111296259927
728 350.0111296259927
730 345.83617136663736
732 345.83617136663736
734 345.83617136663736
736 348.35488351965654
738 348.35488351965654
740 348.35488351965654
742 348.35488351965654
744 348.35488351965654
746 348.35488351965654
748 348.35488351965654
750 348.35488351965654
752 346.0902210612339
754 345.21382968463286
756 345.21382968463286
758 345.21382968463286
760 358.89966831703845
762 359.4841877141106
764 359.4841877141106
766 359.4841877141106
768 359.4841877141106
770 359.4841877141106
772 359.2415211442271
774 359.2415211442271
776 359.2415211442271
778 359.2415211442271
780 359.2415211442271
782 359.2415211442271
784 359.2415211442271
786 343.75033162362814
788 343.75033162362814
790 339.44661115387356
792 339.44661115387356
794 339.44661115387356
796 357.62904990405286
798 357.62904990405286
