0 352.2403095368282
2 352.2403095368282
4 352.2403095368282
6 352.2403095368282
8 352.2403095368282
10 352.2403095368282
12 355.2306622890772
14 355.2306622890772
16 358.1048258045635
18 358.1048258045635
20 350.8640319031795
22 350.8640319031795
24 350.8640319031795
26 352.580632764332
28 352.580632764332
30 352.580632764332
32 352.580632764332
34 352.580632764332
36 352.580632764332
38 352.580632764332
40 353.2964717603188
42 353.2964717603188
44 354.1031069481857
46 354.1031069481857
48 354.69500883265505
50 354.69500883265505
52 354.06314005836185
54 354.06314005836185
56 354.06314005836185
58 355.75402309450857
60 355.75402309450857
62 355.75402309450857
64 354.9276573770825
66 354.9276573770825
68 354.9276573770825
70 359.3660841165866
72 359.3660841165866
74 359.3660841165866
76 353.8593965460817
78 353.8593965460817
80 356.2275179503016
82 356.2275179503016
84 356.14783238779125
86 356.14783238779125
88 356.14783238779125
90 356.14783238779125
92 351.4110530010202
94 351.4110530010202
96 351.6068717157029
98 351.6068717157029
100 348.6680664281966
102 348.6680664281966
104 348.333301048799
106 348.333301048799
108 345.880700338724
110 345.880700338724
112 345.880700338724
114 345.880700338724
116 345.880700338724
118 345.880700338724
120 345.880700338724
122 345.880700338724
124 351.699062443969
126 351.699062443969
128 356.4468461492728
130 356.4468461492728
132 356.90497460139886
134 356.90497460139886
136 356.90497460139886
138 356.90497460139886
140 356.90497460139886
142 356.90497460139886
144 356.90497460139886
146 353.8727867151958
148 350.8313643634565
150 350.8313643634565
152 350.8313643634565
154 350.8313643634565
156 348.59657049963533
158 348.59657049963533
160 348.59657049963533
162 348.59657049963533
164 348.59657049963533
166 348.59657049963533
168 348.59657049963533
170 348.9808134972911
172 348.9808134972911
174 348.9808134972911
176 354.2493378985943
178 354.2493378985943
180 359.7387522555041
182 359.7387522555041
184 358.07702870188143
186 358.07702870188143
188 354.8720588618427
190 354.8720588618427
192 342.5254081980982
194 342.5254081980982
196 342.5254081980982
198 347.6660875795581
200 347.27491452920924
202 347.27491452920924
204 353.6142723487199
206 353.6142723487199
208 348.4326844916331
210 348.4326844916331
212 348.4326844916331
214 351.3037773194398
216 355.1851712686325
218 355.1851712686325
220 355.1851712686325
222 352.0128468063902
224 352.0128468063902
226 346.03405113949674
228 348.3439359066484
230 348.3439359066484
232 347.68697225599533
234 347.68697225599533
236 347.68697225599533
238 354.9505317113697
240 354.9505317113697
242 354.9505317113697
244 354.9505317113697
246 354.9505317113697
248 354.9505317113697
250 357.11544739342156
252 357.11544739342156
254 351.18898141691693
256 353.27949749884516
258 353.27949749884516
260 351.4752598286294
262 351.4752598286294
264 348.22712740804707
266 348.22712740804707
268 348.22712740804707
270 348.22712740804707
272 348.22712740804707
274 348.22712740804707
276 348.22712740804707
278 348.22712740804707
280 338.84832366191165
282 338.84832366191165
284 343.7569889106173
286 343.7569889106173
288 347.39909734574616
290 347.39909734574616
292 347.39909734574616
294 351.56779535153856
296 351.56779535153856
298 351.56779535153856
300 351.56779535153856
302 351.56779535153856
304 346.0173559951804
306 346.0173559951804
308 352.29608512162645
310 352.29608512162645
312 351.46456689494397
314 351.46456689494397
316 356.7663431978012
318 356.7663431978012
320 348.8798468880765
322 348.8798468880765
324 348.8798468880765
326 339.96888092523324
328 339.722108652969
330 339.722108652969
332 344.61089075511217
334 344.61089075511217
336 349.33659644224485
338 349.33659644224485
340 350.15632183778473
342 350.15632183778473
344 349.94442382271075
346 349.94442382271075
348 352.1529909788852
350 352.1529909788852
352 352.1529909788852
354 354.35538168181694
356 354.35538168181694
358 354.35538168181694
360 351.16022238384716
362 351.16022238384716
364 352.9144997614396
366 352.9144997614396
368 352.9144997614396
370 348.88704886691744
372 345.3843438810844
374 345.3843438810844
376 343.81752177101146
378 343.81752177101146
380 343.81752177101146
382 343.81752177101146
384 347.18891279300414
386 347.18891279300414
388 347.18891279300414
390 347.18891279300414
392 347.18891279300414
394 347.18891279300414
396 347.18891279300414
398 347.18891279300414
400 351.2356634647699
402 351.2356634647699
404 357.5933721148856
406 357.5933721148856
408 357.5933721148856
410 347.2404907513334
412 347.2404907513334
414 347.2404907513334
416 347.2404907513334
418 347.2404907513334
420 347.2404907513334
422 347.2404907513334
424 348.31204090939815
426 353.445538141373
428 353.445538141373
430 353.445538141373
432 353.445538141373
434 351.44673805699534
436 344.8705650575054
438 344.8705650575054
440 351.07740509253557
442 351.07740509253557
444 351.07740509253557
446 351.07740509253557
448 351.07740509253557
450 351.07740509253557
452 348.1353652765153
454 348.1353652765153
456 345.98398524846965
458 345.98398524846965
460 347.61392712053896
462 347.61392712053896
464 349.96302219873877
466 349.96302219873877
468 350.8313643634565
470 350.8313643634565
472 353.53674078924985
474 353.53674078924985
476 353.53674078924985
478 350.89304305287584
480 350.89304305287584
482 351.1170384426494
484 351.1170384426494
486 351.1170384426494
488 351.1170384426494
490 351.1170384426494
492 344.31072892052475
494 344.31072892052475
496 345.21682396196235
498 345.21682396196235
500 345.21682396196235
502 344.27212831324186
504 344.27212831324186
506 344.27212831324186
508 346.45022032369053
510 345.58883212416845
512 345.58883212416845
514 345.58883212416845
516 345.6119782780898
518 345.6119782780898
520 342.6752341614794
522 342.6752341614794
524 345.1283829207729
526 345.1283829207729
528 345.1283829207729
530 347.6730478338965
532 347.6730478338965
534 350.46988893505994
536 350.46988893505994
538 350.46988893505994
540 350.46988893505994
542 350.04492063046024
544 349.83676545652565
546 349.83676545652565
548 345.45679793542143
550 345.45679793542143
552 345.45679793542143
554 345.45679793542143
556 345.45679793542143
558 345.45679793542143
560 345.45679793542143
562 344.47188228828634
564 344.47188228828634
566 348.92668697490967
568 345.6616178658467
570 345.6616178658467
572 341.5782542256005
574 341.5782542256005
576 341.5782542256005
578 341.5782542256005
580 344.32038364638777
582 344.32038364638777
584 344.32038364638777
586 344.32038364638777
588 344.32038364638777
590 344.32038364638777
592 344.32038364638777
594 344.95200114844806
596 350.82410058487835
598 350.82410058487835
600 346.8297681985144
602 346.8297681985144
604 346.8297681985144
606 348.1706305719958
608 348.1706305719958
610 349.5085857892188
612 349.5085857892188
614 349.4829133877267
616 349.4829133877267
618 349.4829133877267
620 349.4829133877267
622 349.4829133877267
624 349.4829133877267
626 351.418192938413
628 350.64199032153454
630 350.64199032153454
632 350.64199032153454
634 350.64199032153454
636 347.7741186668805
638 347.7741186668805
640 347.7741186668805
642 340.713314016949
644 340.713314016949
646 340.713314016949
648 343.5567545766499
650 343.5567545766499
652 354.7015783890673
654 354.7015783890673
656 359.7901326020195
658 359.7901326020195
660 360.88354525949495
662 360.88354525949495
664 352.0023142151275
666 352.0023142151275
668 347.6417369419652
670 347.6417369419652
672 344.54618717278777
674 344.54618717278777
676 351.77334965801435
678 351.77334965801435
680 354.0797974293719
682 354.0797974293719
684 354.0797974293719
686 346.70398645054877
688 345.26274892898033
690 345.26274892898033
692 351.3717571105997
694 351.3717571105997
696 351.3717571105997
698 351.3717571105997
700 351.3717571105997
702 351.3717571105997
704 351.3717571105997
706 351.3717571105997
708 351.3717571105997
710 351.3717571105997
712 351.7627466848401
714 351.7627466848401
716 354.09311869518797
718 354.09311869518797
720 352.904217176412
722 352.904217176412
724 352.904217176412
726 349.49391338861994
728 349.49391338861994
730 349.49391338861994
732 349.49391338861994
734 349.49391338861994
736 349.49391338861994
738 349.49391338861994
740 351.68135209674466
742 351.68135209674466
744 349.9369874973814
746 349.9369874973814
748 349.18002231028254
750 349.18002231028254
752 344.96830510649477
754 344.96830510649477
756 343.0482642172208
758 343.0482642172208
760 350.67119505424193
762 350.67119505424193
764 354.612809544212
766 354.612809544212
768 354.612809544212
770 354.7836186634207
772 351.1170384426494
774 351.1170384426494
776 353.03426358131543
778 353.03426358131543
780 353.03426358131543
782 348.62515119221445
784 348.62515119221445
786 348.62515119221445
788 348.62515119221445
790 348.62515119221445
792 348.62515119221445
794 348.62515119221445
796 348.62515119221445
798 344.9063798031784
