0 382.0481274894334
2 388.4040807018592
4 395.38427011332317
6 395.38427011332317
8 383.4175083018888
10 383.4175083018888
12 383.4175083018888
14 383.4175083018888
16 383.4175083018888
18 383.4175083018888
20 392.8599430127154
22 392.8599430127154
24 409.49225706618193
26 409.49225706618193
28 392.63233685615535
30 392.63233685615535
32 398.9014161276364
34 398.9014161276364
36 398.9014161276364
38 398.9014161276364
40 393.6151703936851
42 393.6151703936851
44 393.6151703936851
46 393.6151703936851
48 387.8600588615027
50 387.8600588615027
52 382.89675613640645
54 382.89675613640645
56 382.89675613640645
58 381.82489522162007
60 381.82489522162007
62 381.82489522162007
64 381.82489522162007
66 381.82489522162007
68 381.82489522162007
70 381.82489522162007
72 381.82489522162007
74 381.82489522162007
76 381.82489522162007
78 389.55394587101887
80 387.90277294129334
82 387.90277294129334
84 380.46241222871663
86 380.46241222871663
88 380.46241222871663
90 380.46241222871663
92 380.46241222871663
94 380.46241222871663
96 380.46241222871663
98 377.90582997814505
100 377.90582997814505
102 386.439294276647
104 391.10620583795446
106 391.10620583795446
108 404.5773145061834
110 404.5773145061834
112 408.61906591991743
114 408.61906591991743
116 408.61906591991743
118 384.2851835856004
120 384.2851835856004
122 377.01741977120844
124 377.01741977120844
126 377.86562054298304
128 374.2173570129737
130 374.2173570129737
132 378.4926999471896
134 378.4926999471896
136 378.4926999471896
138 391.1499247447793
140 391.1499247447793
142 391.1499247447793
144 391.1499247447793
146 391.1499247447793
148 391.1499247447793
150 391.1499247447793
152 389.2086170578628
154 389.2086170578628
156 386.9598709969033
158 386.9598709969033
160 386.9598709969033
162 386.9598709969033
164 397.38888766055254
166 394.59278760653484
168 394.59278760653484
170 394.59278760653484
172 394.59278760653484
174 388.7351695137781
176 382.7373092830801
178 382.7373092830801
180 382.7373092830801
182 369.0285462846589
184 369.0285462846589
186 369.0285462846589
188 369.0285462846589
190 369.0285462846589
192 369.0285462846589
194 369.0285462846589
196 377.95179391144137
198 377.95179391144137
200 398.0469934648114
202 398.0469934648114
204 388.49597282795634
206 388.49597282795634
208 388.1043092018062
210 388.1043092018062
212 388.1043092018062
214 388.1043092018062
216 388.1043092018062
218 388.1043092018062
220 388.1043092018062
222 388.1043092018062
224 389.2086170578628
226 385.64375150667684
228 391.8513749489276
230 391.8513749489276
232 391.8513749489276
234 401.54346277323236
236 405.8237824437935
238 405.8237824437935
240 405.8237824437935
242 405.8237824437935
244 405.8237824437935
246 392.5628697653308
248 399.147642103261
250 399.147642103261
252 405.86213630924146
254 405.86213630924146
256 405.86213630924146
258 395.1843154910151
260 395.1843154910151
262 385.7640214086519
264 385.7640214086519
266 385.7640214086519
268 391.01257020096403
270 391.01257020096403
272 394.02319102799345
274 394.02319102799345
276 387.94549960835974
278 387.94549960835974
280 392.2475742855952
282 392.2475742855952
284 399.9364276297945
286 399.9364276297945
288 399.9364276297945
290 396.923829704532
292 389.60952481342406
294 389.60952481342406
296 392.2790697470797
298 392.2790697470797
300 392.2790697470797
302 392.2790697470797
304 392.2790697470797
306 392.2790697470797
308 400.5792340454545
310 400.5792340454545
312 397.74381109130263
314 397.74381109130263
316 386.88712320115036
318 386.88712320115036
320 396.6626162447635
322 396.6626162447635
324 399.70859520817993
326 399.70859520817993
328 384.7626294498499
330 384.7626294498499
332 384.7626294498499
334 384.7626294498499
336 394.31726808499167
338 394.31726808499167
340 390.9439453334905
342 390.9439453334905
344 392.77138218586447
346 392.77138218586447
348 392.77138218586447
350 400.3720428330636
352 400.3720428330636
354 406.20042591004227
356 408.90035077410937
358 408.90035077410937
360 408.90035077410937
362 408.90035077410937
364 408.90035077410937
366 408.90035077410937
368 400.39210990165725
370 400.39210990165725
372 400.39210990165725
374 385.7880867304303
376 385.7880867304303
378 388.75972524445524
380 388.75972524445524
382 388.75972524445524
384 388.75972524445524
386 388.75972524445524
388 395.7268797700893
390 395.7268797700893
392 395.7268797700893
394 404.2022166980139
396 376.7488216158514
398 376.7488216158514
400 389.5354244795341
402 389.5354244795341
404 399.5948483810918
406 399.5948483810918
408 405.2984401304753
410 405.2984401304753
412 405.2984401304753
414 405.2984401304753
416 405.2984401304753
418 402.92604260585534
420 399.9833906146215
422 399.9833906146215
424 380.964063547493
426 380.964063547493
428 380.964063547493
430 382.30697512494424
432 382.30697512494424
434 382.30697512494424
436 382.30697512494424
438 382.30697512494424
440 382.30697512494424
442 382.30697512494424
444 382.30697512494424
446 382.30697512494424
448 403.043805683465
450 403.043805683465
452 406.0218191860458
454 406.0218191860458
456 395.0941190071003
458 395.0941190071003
460 395.0941190071003
462 395.0941190071003
464 395.0941190071003
466 395.0941190071003
468 395.0941190071003
470 391.2686620299108
472 391.2686620299108
474 391.2686620299108
476 391.2686620299108
478 402.0522855125923
480 415.875928281207
482 415.875928281207
484 415.875928281207
486 412.3901764374206
488 412.3901764374206
490 412.3901764374206
492 412.3901764374206
494 412.3901764374206
496 412.3901764374206
498 413.082872650295
500 400.87933514246123
502 400.87933514246123
504 416.0365805192054
506 416.0365805192054
508 423.31998415639123
510 423.31998415639123
512 422.25524447585457
514 422.25524447585457
516 422.25524447585457
518 401.8344879991314
520 401.8344879991314
522 395.5199071960355
524 395.5199071960355
526 406.1430439510765
528 416.1435927012789
530 416.1435927012789
532 414.4106396450263
534 414.4106396450263
536 414.20018005170607
538 414.20018005170607
540 410.5327747873283
542 410.5327747873283
544 420.2006839865433
546 420.2006839865433
548 420.2006839865433
550 420.2006839865433
552 412.3840856750475
554 412.3840856750475
556 413.9532723975692
558 413.9532723975692
560 420.5022097788095
562 420.5022097788095
564 411.97542280513426
566 411.97542280513426
568 405.9451965096457
570 405.9451965096457
572 405.9451965096457
574 405.9451965096457
576 405.9451965096457
578 405.9451965096457
580 405.9451965096457
582 410.5389450237704
584 409.2620320809158
586 409.2620320809158
588 424.34501498380416
590 424.34501498380416
592 424.34501498380416
594 424.34501498380416
596 421.3807702175076
598 421.3807702175076
600 421.3807702175076
602 421.3807702175076
604 421.3807702175076
606 421.3807702175076
608 421.3807702175076
610 421.3807702175076
612 414.2964260177548
614 414.2964260177548
616 414.2964260177548
618 408.19916510555794
620 408.19916510555794
622 408.19916510555794
624 408.19916510555794
626 420.15425095188357
628 412.9858480471655
630 412.9858480471655
632 413.82061984790636
634 413.82061984790636
636 413.82061984790636
638 410.6561278297728
640 410.6561278297728
642 410.6561278297728
644 410.6561278297728
646 410.6561278297728
648 410.6561278297728
650 410.6561278297728
652 410.6561278297728
654 410.6561278297728
656 412.2622169896045
658 412.2622169896045
660 417.76395333562783
662 417.76395333562783
664 417.3101998619424
666 417.3101998619424
668 414.5187637786165
670 414.5187637786165
672 414.5187637786165
674 412.40235720012606
676 412.40235720012606
678 412.40235720012606
680 408.2681949493832
682 408.2681949493832
684 417.7109805478733
686 417.7109805478733
688 430.77288391836333
690 430.77288391836333
692 430.77288391836333
694 439.94683701783856
696 439.94683701783856
698 426.4814391979361
700 426.4814391979361
702 411.99374578416
704 411.99374578416
706 411.7675996577515
708 392.7777059584023
710 392.7777059584023
712 396.85847321314657
714 396.85847321314657
716 403.5658084629131
718 403.5658084629131
720 403.5658084629131
722 403.5658084629131
724 403.5658084629131
726 403.5658084629131
728 403.5658084629131
730 403.5658084629131
732 423.6964284834976
734 423.6964284834976
736 423.6964284834976
738 417.38099576808276
740 397.66484755700213
742 397.66484755700213
744 396.45405161413527
746 396.45405161413527
748 396.45405161413527
750 407.9352653879956
752 407.9352653879956
754 407.9352653879956
756 407.9352653879956
758 407.9352653879956
760 407.9352653879956
762 407.9352653879956
764 419.8754016284403
766 419.8754016284403
768 423.0972074157423
770 423.0972074157423
772 408.9502954426008
774 408.9502954426008
776 415.80447545245903
778 415.80447545245903
780 408.21799498555504
782 408.21799498555504
784 420.63541828169326
786 420.63541828169326
788 420.63541828169326
790 420.63541828169326
792 420.63541828169326
794 420.63541828169326
796 420.63541828169326
798 434.93558693957465
