0 414.05318926732605
2 414.05318926732605
4 414.05318926732605
6 414.05318926732605
8 416.2425784139979
10 405.1406627603441
12 405.1406627603441
14 394.81958710292264
16 394.81958710292264
18 396.2598173401167
20 396.2598173401167
22 396.2598173401167
24 398.7416128415233
26 398.7416128415233
28 401.1532998957771
30 401.1532998957771
32 401.1532998957771
34 404.40211602931186
36 404.40211602931186
38 398.35252817949737
40 398.35252817949737
42 405.08218864259777
44 405.08218864259777
46 405.08218864259777
48 405.08218864259777
50 405.08218864259777
52 405.08218864259777
54 405.2282738982195
56 405.2282738982195
58 408.27090852660234
60 408.27090852660234
62 408.27090852660234
64 404.3503473625118
66 404.3503473625118
68 404.3503473625118
70 404.3503473625118
72 404.3503473625118
74 404.3503473625118
76 404.3503473625118
78 404.3503473625118
80 405.68267359366365
82 399.96624165448105
84 399.96624165448105
86 399.5284043445255
88 399.5284043445255
90 399.5284043445255
92 404.58296516708174
94 404.58296516708174
96 403.27919418844954
98 403.27919418844954
100 403.27919418844954
102 406.4355356993595
104 406.4355356993595
106 403.20759371530863
108 403.20759371530863
110 401.6982936084578
112 401.6982936084578
114 405.2902595789756
116 405.2902595789756
118 405.2902595789756
120 408.21500186024923
122 408.21500186024923
124 408.21500186024923
126 402.71910453587583
128 391.99541596784536
130 393.48253273090825
132 393.48253273090825
134 394.856104450901
136 394.856104450901
138 394.856104450901
140 394.856104450901
142 394.856104450901
144 394.856104450901
146 394.856104450901
148 394.856104450901
150 394.856104450901
152 394.856104450901
154 399.6474472992986
156 399.6474472992986
158 411.4235223388696
160 411.4235223388696
162 415.30862043763034
164 415.30862043763034
166 415.30862043763034
168 415.30862043763034
170 415.30862043763034
172 415.30862043763034
174 407.5338277411477
176 407.5338277411477
178 401.23930815831557
180 401.23930815831557
182 401.23930815831557
184 397.35363479199634
186 397.35363479199634
188 397.35363479199634
190 397.35363479199634
192 397.35363479199634
194 397.35363479199634
196 402.49810524725603
198 412.54178090100766
200 412.54178090100766
202 415.50045542276973
204 415.50045542276973
206 415.50045542276973
208 404.77798700707115
210 404.77798700707115
212 404.8991099511515
214 398.5856422111021
216 398.5856422111021
218 398.5856422111021
220 407.89976132861864
222 407.3431050076936
224 407.3431050076936
226 399.7269613788514
228 399.7269613788514
230 399.6474472992986
232 399.6474472992986
234 410.53044691447724
236 410.53044691447724
238 410.53044691447724
240 410.53044691447724
242 410.53044691447724
244 410.53044691447724
246 414.5417890169749
248 414.5417890169749
250 414.5417890169749
252 414.5417890169749
254 417.8890093083961
256 400.7999926092142
258 401.9764617895683
260 401.9764617895683
262 398.9372169889308
264 398.9372169889308
266 398.9372169889308
268 398.7025777127441
270 398.7025777127441
272 398.7025777127441
274 398.7025777127441
276 398.7025777127441
278 398.7025777127441
280 398.7025777127441
282 404.29483247180457
284 404.29483247180457
286 404.29483247180457
288 402.29156560181775
290 402.29156560181775
292 385.8716402674273
294 385.8716402674273
296 385.8716402674273
298 385.8716402674273
300 385.8716402674273
302 385.8716402674273
304 393.5899569064677
306 401.5159440297758
308 401.5159440297758
310 401.5159440297758
312 411.32583194654643
314 411.32583194654643
316 411.32583194654643
318 411.32583194654643
320 399.21227810229846
322 399.21227810229846
324 400.68564394436805
326 400.68564394436805
328 390.847266742968
330 387.09293348470845
332 387.09293348470845
334 394.89264265167395
336 394.89264265167395
338 394.89264265167395
340 401.6401633775626
342 401.6401633775626
344 401.6401633775626
346 401.6401633775626
348 401.6401633775626
350 396.5970875397817
352 396.5970875397817
354 401.4653984597718
356 401.4653984597718
358 401.4653984597718
360 401.4653984597718
362 400.53938780809415
364 400.53938780809415
366 400.53938780809415
368 394.5281913633634
370 394.49185882640484
372 394.49185882640484
374 394.49185882640484
376 394.49185882640484
378 396.8985182026103
380 405.5557606577308
382 398.9764241128178
384 398.9764241128178
386 397.5443454631252
388 397.5443454631252
390 397.5443454631252
392 401.77570432788934
394 401.77570432788934
396 401.77570432788934
398 401.49262117557623
400 401.49262117557623
402 401.49262117557623
404 401.49262117557623
406 401.49262117557623
408 397.35363479199634
410 401.1376471419162
412 401.1376471419162
414 404.80369924027633
416 404.80369924027633
418 404.80369924027633
420 404.6234915533244
422 404.6234915533244
424 404.6234915533244
426 404.6234915533244
428 404.6234915533244
430 404.6234915533244
432 404.6234915533244
434 404.6234915533244
436 404.6234915533244
438 404.6234915533244
440 402.4675546578327
442 394.856104450901
444 394.856104450901
446 394.856104450901
448 392.8059893374195
450 392.8059893374195
452 392.8059893374195
454 396.5219719983619
456 396.5219719983619
458 396.5219719983619
460 398.08181742303265
462 395.14899935585856
464 395.14899935585856
466 395.9244442164611
468 395.9244442164611
470 394.3467302494901
472 394.3467302494901
474 394.3467302494901
476 394.3467302494901
478 394.3467302494901
480 406.71438980120666
482 406.71438980120666
484 393.37527535798245
486 390.2621108024661
488 390.2621108024661
490 394.41925434833786
492 394.41925434833786
494 398.1976723795083
496 398.1976723795083
498 398.1976723795083
500 398.1976723795083
502 391.2975735833743
504 391.2975735833743
506 391.2975735833743
508 393.84127084576147
510 393.69754945640443
512 393.69754945640443
514 407.61138752177965
516 407.61138752177965
518 399.80659798295835
520 399.80659798295835
522 385.9701909078907
524 385.9701909078907
526 387.62523057859
528 387.62523057859
530 387.62523057859
532 387.62523057859
534 387.72533510043627
536 387.72533510043627
538 387.72533510043627
540 387.72533510043627
542 406.2454115672404
544 392.8769009771725
546 392.8769009771725
548 393.9852981768464
550 393.9852981768464
552 393.9852981768464
554 393.9852981768464
556 393.9852981768464
558 393.3395596977524
560 393.3395596977524
562 391.05478776937093
564 391.05478776937093
566 391.05478776937093
568 391.05478776937093
570 395.88729540571626
572 395.88729540571626
574 395.88729540571626
576 395.88729540571626
578 395.88729540571626
580 395.88729540571626
582 395.88729540571626
584 404.9797296549056
586 395.6278859994867
588 395.6278859994867
590 395.6278859994867
592 396.78529882896976
594 396.78529882896976
596 397.5443454631252
598 397.5443454631252
600 405.7984946609289
602 405.7984946609289
604 403.6620881681618
606 402.9392488973097
608 402.9392488973097
610 402.9392488973097
612 402.9392488973097
614 402.9392488973097
616 402.9392488973097
618 398.50782594402017
620 398.50782594402017
622 394.6373109173912
624 394.6373109173912
626 394.6373109173912
628 390.88181681043613
630 390.88181681043613
632 390.88181681043613
634 395.6278859994867
636 395.6278859994867
638 401.38364784961396
640 401.38364784961396
642 394.27428603388967
644 394.27428603388967
646 394.27428603388967
648 394.27428603388967
650 394.27428603388967
652 394.27428603388967
654 394.27428603388967
656 394.27428603388967
658 397.01195946442107
660 397.01195946442107
662 400.5591760781818
664 400.5591760781818
666 400.5591760781818
668 392.3467464731971
670 392.3467464731971
672 392.3467464731971
674 392.3467464731971
676 393.2325223052002
678 393.2325223052002
680 393.2325223052002
682 398.8588892906725
684 398.8588892906725
686 402.6658387194897
688 402.6658387194897
690 397.58256512404574
692 397.58256512404574
694 402.1188643491431
696 402.1188643491431
698 402.1188643491431
700 392.06555055146083
702 392.06555055146083
704 395.4801428188497
706 402.53627021536056
708 402.53627021536056
710 394.20192120821036
712 394.20192120821036
714 394.7466147091176
716 394.7466147091176
718 402.4216976557496
720 402.4216976557496
722 405.1077776564017
724 405.1077776564017
726 405.1077776564017
728 411.4100536818468
730 413.8887909861829
732 413.8887909861829
734 414.7183964763441
736 414.7183964763441
738 412.6482852624204
740 412.6482852624204
742 396.86075385611923
744 396.86075385611923
746 387.7587247264048
748 387.7587247264048
750 387.8923914714784
752 387.8923914714784
754 387.8923914714784
756 390.3307411681126
758 390.3307411681126
760 390.3307411681126
762 390.3307411681126
764 390.3307411681126
766 390.3307411681126
768 396.82301408956505
770 396.82301408956505
772 402.3030600173242
774 402.3030600173242
776 402.3030600173242
778 402.3030600173242
780 402.3030600173242
782 401.24712023887014
784 401.24712023887014
786 401.24712023887014
788 393.7334513297336
790 409.88565166508255
792 409.88565166508255
794 411.33931237711346
796 411.33931237711346
798 411.33931237711346
