0 391.8245174100004
2 408.0339263999496
4 408.0339263999496
6 409.51607249584936
8 409.51607249584936
10 409.51607249584936
12 405.2145089884996
14 405.2145089884996
16 405.2145089884996
18 405.2145089884996
20 405.2145089884996
22 405.2145089884996
24 405.2145089884996
26 405.37843419123686
28 405.37843419123686
30 401.48028600997327
32 401.48028600997327
34 393.80645056621506
36 393.80645056621506
38 406.95582529105434
40 406.95582529105434
42 400.6778269728271
44 400.6778269728271
46 395.7765958522246
48 395.7765958522246
50 395.7765958522246
52 403.05984218766224
54 403.05984218766224
56 405.70860860788196
58 404.84130462741524
60 404.84130462741524
62 409.041246975466
64 409.041246975466
66 412.9658248295144
68 412.9658248295144
70 416.70742732233083
72 416.70742732233083
74 410.0700070623087
76 410.0700070623087
78 410.0700070623087
80 399.6144392835124
82 398.7601992496971
84 398.7601992496971
86 405.89650376214206
88 405.89650376214206
90 405.89650376214206
92 405.89650376214206
94 405.89650376214206
96 405.89650376214206
98 405.89650376214206
100 407.5110186639903
102 404.532206031712
104 404.532206031712
106 409.9949940886636
108 409.9949940886636
110 409.9949940886636
112 409.9949940886636
114 408.8546741232838
116 408.8546741232838
118 408.8546741232838
120 405.6760315292365
122 405.6760315292365
124 405.6760315292365
126 407.3699871419045
128 407.3699871419045
130 402.98784824096157
132 402.98784824096157
134 402.98784824096157
136 402.74844432057967
138 402.74844432057967
140 402.74844432057967
142 402.74844432057967
144 409.80717214018136
146 400.12747341094365
148 400.12747341094365
150 400.12747341094365
152 402.73701755417494
154 402.73701755417494
156 402.73701755417494
158 402.73701755417494
160 402.73701755417494
162 404.65751141559446
164 404.65751141559446
166 406.3710106599458
168 406.3710106599458
170 412.01886291762844
172 412.01886291762844
174 412.01886291762844
176 412.01886291762844
178 412.01886291762844
180 412.01886291762844
182 412.2355859464418
184 412.2355859464418
186 399.2092033945504
188 399.2092033945504
190 400.059240599417
192 400.059240599417
194 406.2670599661335
196 406.2670599661335
198 401.88451922775806
200 401.88451922775806
202 401.88451922775806
204 401.0806709733597
206 401.0806709733597
208 400.76895175393634
210 400.76895175393634
212 400.76895175393634
214 400.76895175393634
216 399.38359936573806
218 399.38359936573806
220 403.994776954998
222 403.994776954998
224 409.2067213167875
226 405.42570931792835
228 405.42570931792835
230 405.42570931792835
232 400.4512624708128
234 400.4512624708128
236 403.55742006533427
238 403.55742006533427
240 401.5114948580511
242 399.06302862770303
244 399.06302862770303
246 401.3004605262986
248 401.3004605262986
250 401.3004605262986
252 401.3004605262986
254 401.3004605262986
256 399.4511461819196
258 399.4511461819196
260 399.4511461819196
262 399.4511461819196
264 399.4511461819196
266 399.4511461819196
268 399.4511461819196
270 397.8162217243483
272 397.8162217243483
274 404.08407652197025
276 404.08407652197025
278 404.08407652197025
280 401.24560343185493
282 401.24560343185493
284 401.24560343185493
286 401.24560343185493
288 401.24560343185493
290 401.24560343185493
292 401.24560343185493
294 401.24560343185493
296 398.47867832875625
298 390.9224571370607
300 390.9224571370607
302 390.9224571370607
304 392.42025989405874
306 392.42025989405874
308 393.412582187213
310 393.412582187213
312 393.412582187213
314 393.412582187213
316 393.412582187213
318 393.412582187213
320 391.6850419329391
322 391.6850419329391
324 406.25629700675853
326 402.1085851646514
328 402.1085851646514
330 403.34687389587936
332 403.34687389587936
334 403.34687389587936
336 402.67603362828083
338 402.67603362828083
340 394.9296704504214
342 396.335656487141
344 396.335656487141
346 397.85472925257136
348 397.85472925257136
350 397.85472925257136
352 397.3563160505867
354 397.3563160505867
356 391.61540145291326
358 395.4437441916171
360 395.4437441916171
362 395.4437441916171
364 395.4437441916171
366 390.20130675987247
368 390.20130675987247
370 388.37401970955045
372 388.37401970955045
374 388.37401970955045
376 390.0305253116728
378 392.34991730242785
380 392.34991730242785
382 392.34991730242785
384 391.5458252129642
386 391.5458252129642
388 391.5458252129642
390 391.5458252129642
392 391.5458252129642
394 391.5458252129642
396 392.5259043569867
398 394.3474344173115
400 394.3474344173115
402 389.7920034508665
404 389.7920034508665
406 392.8437931017272
408 392.8437931017272
410 395.8879715229093
412 395.8879715229093
414 394.6742656506662
416 394.6742656506662
418 394.6742656506662
420 394.6742656506662
422 394.6742656506662
424 389.04653660585234
426 388.70968520002253
428 388.70968520002253
430 388.70968520002253
432 386.64607081228513
434 386.64607081228513
436 386.64607081228513
438 386.64607081228513
440 386.64607081228513
442 387.4401059110858
444 387.4401059110858
446 392.80840046916865
448 392.80840046916865
450 392.03422372562767
452 392.03422372562767
454 397.0898607089797
456 397.0898607089797
458 397.0898607089797
460 404.5285165465901
462 404.5285165465901
464 399.8544009967076
466 399.8544009967076
468 399.8544009967076
470 393.5913210137186
472 393.5913210137186
474 393.5913210137186
476 402.0623060001333
478 398.5059797312199
480 398.5059797312199
482 397.85472925257136
484 397.85472925257136
486 401.3748139228102
488 401.3748139228102
490 401.3748139228102
492 404.3326408679581
494 404.3326408679581
496 402.0043990519063
498 397.0898607089797
500 397.0898607089797
502 395.92514465878503
504 395.92514465878503
506 392.5611542381497
508 392.5611542381497
510 392.5611542381497
512 392.5611542381497
514 392.5611542381497
516 392.5611542381497
518 392.5611542381497
520 392.5611542381497
522 402.93853419017483
524 402.93853419017483
526 410.2402486890439
528 410.2402486890439
530 410.2402486890439
532 410.2402486890439
534 407.3417468835495
536 407.3417468835495
538 407.3417468835495
540 407.3417468835495
542 407.3417468835495
544 407.3417468835495
546 407.3417468835495
548 407.3417468835495
550 392.7023306758479
552 392.7023306758479
554 390.40670378571474
556 390.40670378571474
558 390.40670378571474
560 390.40670378571474
562 388.64245861689704
564 388.64245861689704
566 388.64245861689704
568 388.64245861689704
570 388.64245861689704
572 388.64245861689704
574 392.9855454560267
576 392.9855454560267
578 401.6088991352409
580 401.6088991352409
582 401.6088991352409
584 395.2964134760406
586 395.2964134760406
588 395.2964134760406
590 395.2964134760406
592 395.2964134760406
594 395.4806343750052
596 395.4806343750052
598 393.48401985837404
600 393.48401985837404
602 393.7705463807578
604 393.7705463807578
606 400.02307798816264
608 400.02307798816264
610 400.02307798816264
612 400.02307798816264
614 402.7750973217594
616 402.7750973217594
618 398.37351004534736
620 398.37351004534736
622 403.04469348096154
624 403.04469348096154
626 403.04469348096154
628 406.18809026050434
630 406.18809026050434
632 392.4554572450872
634 392.4554572450872
636 392.5964217499426
638 395.0760991475404
640 395.0760991475404
642 403.40334852196577
644 403.40334852196577
646 404.7935728674502
648 404.7935728674502
650 404.7935728674502
652 404.7935728674502
654 404.7935728674502
656 404.7935728674502
658 404.7935728674502
660 405.80623906395556
662 405.80623906395556
664 405.80623906395556
666 397.77774253635266
668 397.77774253635266
670 397.77774253635266
672 397.77774253635266
674 400.6500597416665
676 400.6500597416665
678 400.6500597416665
680 400.6500597416665
682 397.24195907520084
684 400.3275991755809
686 391.65021363494486
688 391.65021363494486
690 391.65021363494486
692 391.65021363494486
694 391.65021363494486
696 391.65021363494486
698 391.65021363494486
700 393.412582187213
702 400.4353236078048
704 400.4353236078048
706 400.4353236078048
708 405.1342079318732
710 405.1342079318732
712 407.31349523461233
714 407.1685255869592
716 407.1685255869592
718 397.1658562399268
720 397.1658562399268
722 397.470918401847
724 397.470918401847
726 397.470918401847
728 399.8544009967076
730 399.8544009967076
732 392.2796437941777
734 397.24195907520084
736 397.24195907520084
738 397.24195907520084
740 412.6378304676521
742 406.49624979745937
744 406.49624979745937
746 412.56480827470324
748 412.56480827470324
750 412.56480827470324
752 407.7150178341561
754 403.00301278440537
756 403.00301278440537
758 400.5706379319268
760 400.5706379319268
762 400.6659286563073
764 400.6659286563073
766 414.10153267056467
768 414.10153267056467
770 402.12014853285524
772 402.12014853285524
774 404.43250850495343
776 404.43250850495343
778 404.43250850495343
780 401.5933269737108
782 394.96624439371203
784 394.96624439371203
786 394.96624439371203
788 395.6654341393135
790 397.7008688168789
792 397.7008688168789
794 397.7008688168789
796 401.36699241199904
798 401.36699241199904
