0 490.18946091923254
2 490.18946091923254
4 492.3907841078989
6 492.3907841078989
8 492.3907841078989
10 492.3907841078989
12 492.3907841078989
14 494.0632253232263
16 494.0632253232263
18 494.0632253232263
20 499.22158861155344
22 499.22158861155344
24 499.22158861155344
26 499.22158861155344
28 499.22158861155344
30 488.79840512179555
32 488.79840512179555
34 492.219046229011
36 493.1865899023852
38 493.1865899023852
40 491.29889999095946
42 491.29889999095946
44 491.842729375076
46 491.842729375076
48 493.36091167550313
50 493.36091167550313
52 493.36091167550313
54 495.34936477161705
56 495.34936477161705
58 490.8599634733057
60 490.8599634733057
62 490.3900254680392
64 498.5982896707789
66 498.5982896707789
68 494.38201074881874
70 494.38201074881874
72 491.33277070760323
74 491.33277070760323
76 491.33277070760323
78 494.7383188760917
80 493.3958348380067
82 493.3958348380067
84 490.69180777369377
86 490.69180777369377
88 492.4596020414728
90 492.4596020414728
92 491.9109994579401
94 491.9109994579401
96 491.9109994579401
98 491.9109994579401
100 491.9109994579401
102 490.4569900972111
104 490.4569900972111
106 490.4569900972111
108 490.4569900972111
110 490.4569900972111
112 490.4569900972111
114 491.842729375076
116 491.842729375076
118 497.6795451898313
120 501.2346894939684
122 501.2346894939684
124 501.2346894939684
126 501.42839011384274
128 501.42839011384274
130 501.42839011384274
132 501.42839011384274
134 501.42839011384274
136 501.42839011384274
138 501.42839011384274
140 499.774549698318
142 499.774549698318
144 500.7269762003155
146 500.7269762003155
148 504.1307984116535
150 504.1307984116535
152 504.1307984116535
154 496.81595935924634
156 496.81595935924634
158 496.81595935924634
160 496.81595935924634
162 496.81595935924634
164 496.81595935924634
166 496.81595935924634
168 496.81595935924634
170 491.1635709727068
172 499.0649172494183
174 499.0649172494183
176 503.28402906639343
178 503.28402906639343
180 501.42839011384274
182 501.42839011384274
184 504.4946082816675
186 504.4946082816675
188 508.0784127364223
190 508.0784127364223
192 508.0784127364223
194 508.0784127364223
196 498.9867958255106
198 498.9867958255106
200 498.9867958255106
202 498.9867958255106
204 493.6408553990393
206 493.6408553990393
208 500.01378958507337
210 500.01378958507337
212 500.01378958507337
214 503.0980119565427
216 503.0980119565427
218 502.042597732017
220 502.042597732017
222 502.042597732017
224 503.91127425421763
226 503.91127425421763
228 502.6486031194784
230 502.6486031194784
232 502.6486031194784
234 502.1948490004755
236 502.1948490004755
238 502.1948490004755
240 502.1948490004755
242 502.1948490004755
244 502.1948490004755
246 502.1948490004755
248 501.00110464275315
250 501.00110464275315
252 501.00110464275315
254 494.66687628158746
256 499.6158162628899
258 499.6158162628899
260 499.6158162628899
262 499.6158162628899
264 499.6158162628899
266 499.6158162628899
268 499.5762269962776
270 499.5762269962776
272 492.11621115803666
274 492.11621115803666
276 492.11621115803666
278 494.55988315031226
280 494.55988315031226
282 498.67571420097914
284 498.67571420097914
286 498.67571420097914
288 498.67571420097914
290 498.67571420097914
292 498.67571420097914
294 498.67571420097914
296 498.67571420097914
298 498.67571420097914
300 507.1152378248362
302 507.1152378248362
304 488.8641669086503
306 488.8641669086503
308 492.8047685698421
310 492.8047685698421
312 492.8047685698421
314 500.8054782430017
316 508.9947929556829
318 508.9947929556829
320 508.9947929556829
322 506.27807041381664
324 506.27807041381664
326 505.42907032821324
328 500.2528750249646
330 500.2528750249646
332 500.2528750249646
334 499.02583879202336
336 496.55619244864374
338 496.55619244864374
340 497.1894943071339
342 497.1894943071339
344 496.81595935924634
346 496.81595935924634
348 496.81595935924634
350 500.4115043333593
352 500.4115043333593
354 499.6951074313295
356 496.15072982546326
358 496.15072982546326
360 496.15072982546326
362 496.15072982546326
364 496.965024176328
366 496.965024176328
368 498.7144779008508
370 498.7144779008508
372 490.12271431140675
374 490.12271431140675
376 494.80985337396805
378 494.80985337396805
380 494.80985337396805
382 494.80985337396805
384 488.96289463412046
386 488.96289463412046
388 493.5707490115625
390 493.5707490115625
392 493.5707490115625
394 493.5707490115625
396 493.5707490115625
398 492.04773980155323
400 492.04773980155323
402 492.04773980155323
404 493.15178381116226
406 493.15178381116226
408 490.7926577130525
410 490.7926577130525
412 490.7926577130525
414 485.6239720951535
416 485.6239720951535
418 485.6239720951535
420 485.6239720951535
422 485.6239720951535
424 485.6239720951535
426 485.6239720951535
428 485.6239720951535
430 485.6239720951535
432 485.6239720951535
434 489.8562569768491
436 496.890434158001
438 496.890434158001
440 496.40836904755884
442 496.40836904755884
444 496.81595935924634
446 496.81595935924634
448 498.3283707311844
450 498.3283707311844
452 498.3283707311844
454 499.3788383742143
456 503.5801904080778
458 503.5801904080778
460 503.5801904080778
462 503.5801904080778
464 505.8551203611907
466 505.8551203611907
468 505.53588151172397
470 505.53588151172397
472 507.01120128143015
474 507.01120128143015
476 507.01120128143015
478 507.01120128143015
480 508.0784127364223
482 508.0784127364223
484 508.0784127364223
486 504.53085044256704
488 504.53085044256704
490 501.5442015650413
492 501.5442015650413
494 502.76135507241594
496 504.6394281779737
498 504.6394281779737
500 509.09591955365073
502 509.09591955365073
504 506.3482708433779
506 506.3482708433779
508 506.8374283619597
510 506.8374283619597
512 509.8669434702244
514 509.8669434702244
516 509.8669434702244
518 509.8669434702244
520 509.8669434702244
522 509.8669434702244
524 509.8669434702244
526 509.8669434702244
528 509.8669434702244
530 509.8669434702244
532 509.93364495922646
534 509.93364495922646
536 507.59855374007765
538 507.59855374007765
540 502.15683381484257
542 502.15683381484257
544 502.15683381484257
546 502.4978442526162
548 502.4978442526162
550 502.4978442526162
552 502.4978442526162
554 502.4978442526162
556 502.4978442526162
558 502.4978442526162
560 502.4978442526162
562 506.7677848771515
564 504.85592281930525
566 504.85592281930525
568 504.85592281930525
570 508.7583064381944
572 508.7583064381944
574 508.7583064381944
576 508.7583064381944
578 508.7583064381944
580 508.7583064381944
582 508.7583064381944
584 508.7583064381944
586 506.2429394449755
588 506.2429394449755
590 505.996440962246
592 503.43233272551004
594 503.43233272551004
596 504.85592281930525
598 504.85592281930525
600 504.85592281930525
602 504.85592281930525
604 505.10740896643136
606 505.10740896643136
608 505.10740896643136
610 505.10740896643136
612 504.56706774862016
614 503.28402906639343
616 508.6567262233963
618 508.6567262233963
620 507.39185313031913
622 507.39185313031913
624 505.67798466919226
626 505.67798466919226
628 505.67798466919226
630 505.67798466919226
632 505.67798466919226
634 500.173333188223
636 500.01378958507337
638 500.01378958507337
640 501.1180546220747
642 501.1180546220747
644 514.366113386944
646 514.366113386944
648 510.2663666723849
650 510.2663666723849
652 507.39185313031913
654 507.39185313031913
656 507.39185313031913
658 507.39185313031913
660 507.39185313031913
662 507.39185313031913
664 509.80018855096006
666 509.80018855096006
668 506.4884279307172
670 506.4884279307172
672 500.2528750249646
674 500.2528750249646
676 499.45768282469123
678 499.45768282469123
680 499.45768282469123
682 498.5210014575602
684 498.5210014575602
686 500.4115043333593
688 500.4115043333593
690 502.15683381484257
692 507.6673121100199
694 507.6673121100199
696 505.42907032821324
698 505.42907032821324
700 505.42907032821324
702 505.42907032821324
704 507.1152378248362
706 507.1152378248362
708 507.1152378248362
710 508.1125612117366
712 508.1125612117366
714 504.2037646514401
716 504.2037646514401
718 501.00110464275315
720 498.366829968061
722 498.366829968061
724 498.366829968061
726 498.4824081554577
728 498.4824081554577
730 498.4824081554577
732 498.4824081554577
734 498.4824081554577
736 498.4824081554577
738 498.4824081554577
740 494.9532009556921
742 494.9532009556921
744 501.73654996278214
746 501.73654996278214
748 501.73654996278214
750 501.73654996278214
752 504.3130212887413
754 504.3130212887413
756 504.3130212887413
758 504.3130212887413
760 504.3130212887413
762 504.3130212887413
764 503.7643955850768
766 503.7643955850768
768 504.53085044256704
770 504.53085044256704
772 504.05772846413834
774 504.05772846413834
776 504.05772846413834
778 504.60326029535287
780 504.60326029535287
782 504.60326029535287
784 498.2515517547765
786 498.2515517547765
788 496.7787648959806
790 496.7787648959806
792 496.7787648959806
794 500.133504988501
796 497.3773681282923
798 497.3773681282923
