0 585.746483450661
2 585.6525500853372
4 585.6525500853372
6 587.7966986335002
8 578.2135233360484
10 578.2135233360484
12 570.470608940483
14 570.470608940483
16 582.1168561544637
18 582.1168561544637
20 582.1168561544637
22 582.1168561544637
24 589.9311426251634
26 589.9311426251634
28 582.7395177480661
30 582.7395177480661
32 584.5371608744871
34 584.5371608744871
36 583.8537549790302
38 583.8537549790302
40 586.5747097426284
42 586.5747097426284
44 586.5747097426284
46 578.3605547028635
48 578.3605547028635
50 578.3605547028635
52 578.341370042595
54 578.341370042595
56 577.2637945520178
58 577.2637945520178
60 577.2637945520178
62 577.2637945520178
64 577.2637945520178
66 577.2637945520178
68 577.2637945520178
70 577.2637945520178
72 577.2637945520178
74 592.8976211626077
76 597.9147391818556
78 597.9147391818556
80 597.9147391818556
82 597.9147391818556
84 593.7517915956804
86 593.7517915956804
88 587.2113445779695
90 587.2113445779695
92 591.9230870826445
94 591.9230870826445
96 583.6421116316219
98 583.6421116316219
100 589.0243449777636
102 589.0243449777636
104 580.7039134514212
106 580.7039134514212
108 580.7039134514212
110 580.7039134514212
112 580.7039134514212
114 580.7039134514212
116 580.7039134514212
118 580.7039134514212
120 579.0268787986018
122 579.0268787986018
124 583.0617006697623
126 583.0617006697623
128 585.6995083158668
130 585.6995083158668
132 585.6995083158668
134 585.6995083158668
136 585.6995083158668
138 585.6995083158668
140 585.6995083158668
142 589.3488500324629
144 589.3488500324629
146 604.5268119586598
148 598.1562897865592
150 598.1562897865592
152 598.1562897865592
154 598.1562897865592
156 598.1562897865592
158 598.968845983731
160 596.7018318877388
162 596.7018318877388
164 588.0904441795302
166 588.0904441795302
168 588.0904441795302
170 589.6950891492917
172 589.6950891492917
174 589.6950891492917
176 589.6950891492917
178 589.6950891492917
180 589.6950891492917
182 593.019200502051
184 593.019200502051
186 582.8775098134876
188 582.8775098134876
190 582.8775098134876
192 582.8775098134876
194 582.8775098134876
196 595.2189820714315
198 595.2189820714315
200 597.6287514358306
202 597.6287514358306
204 593.607720434427
206 593.607720434427
208 593.607720434427
210 588.9416396942072
212 588.9416396942072
214 589.217556086809
216 589.217556086809
218 598.4060854087159
220 598.4515794069603
222 598.4515794069603
224 607.1403602692827
226 607.1403602692827
228 607.1403602692827
230 599.3588367189907
232 599.3588367189907
234 598.8620976026243
236 598.8620976026243
238 591.9443289537812
240 582.6213410154841
242 582.6213410154841
244 582.6213410154841
246 579.3738388042705
248 576.8065340810551
250 576.8065340810551
252 576.8065340810551
254 573.1273966698501
256 573.1273966698501
258 573.1273966698501
260 579.3223940188261
262 579.3223940188261
264 579.3223940188261
266 579.3223940188261
268 579.3223940188261
270 579.3223940188261
272 579.3223940188261
274 585.6995083158668
276 589.2728192980188
278 589.2728192980188
280 593.95384561334
282 593.95384561334
284 593.95384561334
286 599.4355136676355
288 599.4355136676355
290 599.4355136676355
292 597.223919365305
294 597.223919365305
296 588.247861822789
298 588.247861822789
300 588.247861822789
302 588.247861822789
304 588.247861822789
306 588.247861822789
308 588.247861822789
310 588.247861822789
312 588.247861822789
314 588.247861822789
316 593.248454792541
318 593.248454792541
320 588.8521092233071
322 588.8521092233071
324 588.8521092233071
326 594.5625274589382
328 594.5625274589382
330 594.5625274589382
332 594.5625274589382
334 597.8393898318261
336 604.497451847931
338 604.497451847931
340 600.4901591153894
342 600.4901591153894
344 600.4901591153894
346 589.4872183404769
348 589.4872183404769
350 589.4872183404769
352 598.5654181776478
354 598.5654181776478
356 598.5654181776478
358 616.7295870910428
360 603.4119942509094
362 603.4119942509094
364 596.6274924987962
366 596.6274924987962
368 596.0423211453788
370 596.0423211453788
372 614.6175689849304
374 614.6175689849304
376 614.6175689849304
378 614.6175689849304
380 614.6175689849304
382 618.4988113790199
384 618.4988113790199
386 599.4508573072125
388 604.761364008938
390 604.761364008938
392 608.079143062677
394 608.079143062677
396 608.079143062677
398 608.079143062677
400 608.079143062677
402 608.079143062677
404 608.079143062677
406 608.079143062677
408 605.7590632397894
410 601.1707772460236
412 606.9257903436545
414 606.9257903436545
416 606.9257903436545
418 600.4056614155287
420 600.4056614155287
422 600.7890708698573
424 600.7890708698573
426 600.7890708698573
428 600.7890708698573
430 607.6250467326608
432 610.5772477215367
434 610.5772477215367
436 589.0381349761215
438 589.0381349761215
440 589.0381349761215
442 589.0381349761215
444 589.0381349761215
446 589.0381349761215
448 589.0381349761215
450 591.224505562082
452 603.945236364936
454 603.945236364936
456 604.4313580251682
458 604.4313580251682
460 610.2238410166715
462 610.2238410166715
464 615.6576874584622
466 615.6576874584622
468 608.4466440666598
470 608.4466440666598
472 589.09331154097
474 589.09331154097
476 589.09331154097
478 585.5385787720263
480 597.3886300466903
482 597.3886300466903
484 597.3886300466903
486 601.5963023724591
488 601.5963023724591
490 601.5963023724591
492 608.770676632581
494 608.770676632581
496 614.0877265212599
498 614.0877265212599
500 615.6377599855414
502 615.6377599855414
504 615.6377599855414
506 615.6377599855414
508 615.6377599855414
510 615.6377599855414
512 615.6377599855414
514 615.6377599855414
516 615.6377599855414
518 603.5085033776019
520 600.7584611750071
522 600.7584611750071
524 600.7584611750071
526 614.7446815497752
528 608.5453676236834
530 608.5453676236834
532 608.5453676236834
534 608.5453676236834
536 608.5453676236834
538 608.5453676236834
540 608.5453676236834
542 608.5453676236834
544 608.5453676236834
546 613.3936368290067
548 615.1319617297678
550 615.1319617297678
552 615.1319617297678
554 615.1319617297678
556 604.0854408076651
558 604.0854408076651
560 604.0854408076651
562 604.0854408076651
564 607.1189237719874
566 607.1189237719874
568 618.9606923480712
570 618.9606923480712
572 610.5772477215367
574 610.5772477215367
576 605.6720854519979
578 605.6720854519979
580 605.6720854519979
582 606.1422900583475
584 606.1422900583475
586 608.0720630715554
588 608.0720630715554
590 608.0720630715554
592 611.6515207369845
594 611.6515207369845
596 622.5600978034721
598 622.5600978034721
600 619.5831069064262
602 619.5831069064262
604 619.5831069064262
606 619.5831069064262
608 608.9604111849577
610 608.9604111849577
612 608.9604111849577
614 606.1278558558027
616 594.1056596795652
618 594.1056596795652
620 608.220642143399
622 608.220642143399
624 616.4986881320426
626 616.4986881320426
628 616.5514977177348
630 616.5514977177348
632 621.058567909128
634 621.058567909128
636 619.5636922249174
638 619.5636922249174
640 619.5636922249174
642 619.5636922249174
644 619.5636922249174
646 624.3277934960975
648 624.1258187723115
650 624.1258187723115
652 605.9472489638398
654 605.9472489638398
656 605.9472489638398
658 605.9472489638398
660 605.9472489638398
662 618.0028924932485
664 618.0028924932485
666 618.0028924932485
668 618.0028924932485
670 618.0028924932485
672 623.6896471440263
674 623.6896471440263
676 609.1077506698822
678 609.1077506698822
680 607.3687349306675
682 607.3687349306675
684 607.3687349306675
686 607.3687349306675
688 607.3687349306675
690 607.3687349306675
692 607.3687349306675
694 607.3687349306675
696 607.3687349306675
698 609.7439165509809
700 592.5052717035809
702 592.5052717035809
704 608.2489190016804
706 608.2489190016804
708 609.5974378866223
710 609.5974378866223
712 609.5974378866223
714 609.5974378866223
716 609.5974378866223
718 609.5974378866223
720 609.5974378866223
722 609.5974378866223
724 609.5974378866223
726 609.5974378866223
728 613.7377843159888
730 613.7377843159888
732 609.7369458020758
734 609.7369458020758
736 608.5524157792914
738 608.5524157792914
740 608.5524157792914
742 608.5524157792914
744 619.8417527182413
746 619.8417527182413
748 619.8417527182413
750 620.7117762375865
752 620.7117762375865
754 614.3160233104297
756 604.6441608873412
758 604.6441608873412
760 609.9389189039131
762 609.9389189039131
764 620.6860607677639
766 620.6860607677639
768 620.6860607677639
770 618.603014829156
772 618.603014829156
774 618.603014829156
776 615.8037346316968
778 615.8037346316968
780 615.8037346316968
782 616.8942894757289
784 623.290593275608
786 623.290593275608
788 618.5378957591938
790 618.5378957591938
792 623.7339383122098
794 623.7339383122098
796 624.5358794660343
798 624.5358794660343
