0 690.5071958085169
2 690.5071958085169
4 700.5084673689066
6 700.5084673689066
8 711.8699081937591
10 711.8699081937591
12 711.8699081937591
14 703.0967227979877
16 703.0967227979877
18 703.0967227979877
20 703.0967227979877
22 703.0967227979877
24 703.0967227979877
26 703.0967227979877
28 703.0967227979877
30 684.1925453261855
32 699.9861251613177
34 699.9861251613177
36 699.9861251613177
38 712.230574340477
40 712.230574340477
42 712.230574340477
44 712.230574340477
46 712.230574340477
48 712.230574340477
50 703.144859780993
52 703.144859780993
54 703.144859780993
56 703.144859780993
58 700.0651138545422
60 717.2115629925339
62 717.2115629925339
64 714.9707399362627
66 714.9707399362627
68 714.9707399362627
70 709.7054511848074
72 709.7054511848074
74 709.7054511848074
76 699.041868206623
78 699.041868206623
80 694.3502369094945
82 694.3502369094945
84 702.4595725245063
86 702.4595725245063
88 718.5505514119268
90 718.5505514119268
92 712.1855385534418
94 712.1855385534418
96 704.647127631046
98 704.647127631046
100 697.1943217884739
102 697.1943217884739
104 712.7699570499997
106 712.7699570499997
108 730.2037829812117
110 730.2037829812117
112 723.9873077436167
114 723.9873077436167
116 725.4134111305895
118 725.4134111305895
120 725.4134111305895
122 725.4134111305895
124 711.2003596944334
126 711.2003596944334
128 711.2003596944334
130 686.9448558515527
132 686.9448558515527
134 707.544742550872
136 713.8608621784772
138 713.8608621784772
140 722.3053064873587
142 722.3053064873587
144 722.3053064873587
146 726.3311783401693
148 726.3311783401693
150 726.3311783401693
152 725.4134111305895
154 725.4134111305895
156 725.4134111305895
158 703.6731558015005
160 703.6731558015005
162 703.6731558015005
164 703.6731558015005
166 703.6731558015005
168 703.6731558015005
170 703.6731558015005
172 673.5372256485215
174 673.5372256485215
176 692.5780654703258
178 692.5780654703258
180 692.5780654703258
182 734.1801404730902
184 734.1801404730902
186 734.1801404730902
188 734.1801404730902
190 734.1801404730902
192 734.1801404730902
194 730.7765882025948
196 730.7765882025948
198 686.310222099271
200 686.310222099271
202 686.310222099271
204 686.310222099271
206 696.5013215010048
208 696.5013215010048
210 698.2897768233709
212 706.1791017272324
214 706.1791017272324
216 706.1791017272324
218 706.1791017272324
220 710.0897743232922
222 710.0897743232922
224 710.0897743232922
226 710.0897743232922
228 712.8237898542525
230 712.8237898542525
232 722.2373910693626
234 722.2373910693626
236 718.6544570087752
238 718.6544570087752
240 724.4413504674123
242 724.4413504674123
244 726.039575943353
246 726.039575943353
248 726.039575943353
250 696.7703677106259
252 696.7703677106259
254 680.8199355788852
256 680.8199355788852
258 664.6447622151562
260 708.8968061843532
262 708.8968061843532
264 716.9407573759221
266 716.9407573759221
268 721.3949682344326
270 721.3949682344326
272 701.6828579299186
274 701.6828579299186
276 701.6828579299186
278 706.4139352858444
280 706.4139352858444
282 693.0913581164023
284 696.8184722195161
286 696.8184722195161
288 710.5641798344756
290 710.5641798344756
292 710.5641798344756
294 705.3869877972505
296 694.8609645572545
298 694.8609645572545
300 695.2025666013697
302 695.2025666013697
304 705.2355647919999
306 705.2355647919999
308 703.7689728723909
310 703.7689728723909
312 703.8647176667527
314 703.8647176667527
316 703.8647176667527
318 703.8647176667527
320 703.8647176667527
322 703.8647176667527
324 706.0285896466518
326 706.0285896466518
328 709.8336740116616
330 709.8336740116616
332 709.8336740116616
334 697.9494380627029
336 697.9494380627029
338 697.9494380627029
340 697.9494380627029
342 697.9494380627029
344 687.5461573430125
346 687.5461573430125
348 700.2919212510955
350 700.2919212510955
352 700.2919212510955
354 700.2919212510955
356 700.2919212510955
358 721.9059649463766
360 730.5557991638847
362 730.5557991638847
364 715.3772376635432
366 715.3772376635432
368 715.3772376635432
370 704.0368768827713
372 704.0368768827713
374 704.0368768827713
376 704.0368768827713
378 704.0368768827713
380 704.0368768827713
382 678.3084033866924
384 702.1688767357113
386 702.1688767357113
388 702.1688767357113
390 690.5530865350305
392 690.5530865350305
394 690.5530865350305
396 690.5530865350305
398 690.5530865350305
400 690.5530865350305
402 690.5530865350305
404 690.5530865350305
406 690.5530865350305
408 690.0399562813801
410 690.0399562813801
412 702.9811186254011
414 702.9811186254011
416 694.5675249891319
418 694.5675249891319
420 694.5675249891319
422 720.2315901945891
424 713.7717328040957
426 713.7717328040957
428 729.9661034569112
430 729.9661034569112
432 718.5505514119268
434 718.5505514119268
436 710.8007997162781
438 710.8007997162781
440 695.3832209691133
442 695.3832209691133
444 685.2257194863455
446 685.2257194863455
448 685.1548635674721
450 685.1548635674721
452 680.4061377316694
454 680.4061377316694
456 721.2926053203477
458 721.2926053203477
460 690.6816599454355
462 690.6816599454355
464 691.372458121053
466 691.372458121053
468 684.9159561536221
470 684.9159561536221
472 677.7557314241025
474 677.7557314241025
476 687.1420361939914
478 687.1420361939914
480 687.1420361939914
482 698.9928898661394
484 692.8298016388882
486 692.8298016388882
488 692.8298016388882
490 693.9167358517527
492 694.671573128891
494 694.671573128891
496 694.671573128891
498 694.671573128891
500 694.671573128891
502 694.671573128891
504 694.671573128891
506 694.671573128891
508 694.671573128891
510 694.671573128891
512 694.9083555194001
514 694.9083555194001
516 703.2314598978336
518 703.2314598978336
520 706.2354996819378
522 706.2354996819378
524 706.2354996819378
526 706.2354996819378
528 703.6923250087005
530 703.6923250087005
532 703.6923250087005
534 703.6923250087005
536 703.6923250087005
538 703.6923250087005
540 725.2963274200779
542 725.2963274200779
544 703.3083877552502
546 703.3083877552502
548 703.3083877552502
550 715.0680393207693
552 715.0680393207693
554 715.0680393207693
556 715.0680393207693
558 715.0680393207693
560 702.1203609951751
562 702.1203609951751
564 693.0165758264235
566 693.0165758264235
568 697.5809870597317
570 697.5809870597317
572 697.5809870597317
574 691.5572504013228
576 691.5572504013228
578 691.5572504013228
580 704.2565204801346
582 704.2565204801346
584 696.616556723995
586 696.616556723995
588 685.9716231983733
590 685.9716231983733
592 676.1490147489225
594 676.1490147489225
596 676.1490147489225
598 680.2942302885606
600 680.2942302885606
602 681.3125657553111
604 681.3125657553111
606 695.506972691287
608 711.3091416590744
610 711.3091416590744
612 711.5445605824954
614 711.5445605824954
616 711.5445605824954
618 704.0942116398568
620 704.0942116398568
622 704.0942116398568
624 670.1010607718551
626 670.1010607718551
628 670.1010607718551
630 681.6157385543788
632 689.8480076717526
634 689.8480076717526
636 689.8480076717526
638 689.8480076717526
640 689.8480076717526
642 689.8480076717526
644 689.5742398955432
646 689.5742398955432
648 689.5742398955432
650 689.5742398955432
652 706.0380016713914
654 706.0380016713914
656 688.1498634481893
658 688.1498634481893
660 688.1498634481893
662 679.521357452473
664 679.521357452473
666 679.521357452473
668 679.521357452473
670 700.8717837988288
672 700.8717837988288
674 700.8717837988288
676 700.8227507414662
678 700.8227507414662
680 700.8227507414662
682 700.8227507414662
684 700.8227507414662
686 700.8227507414662
688 687.1420361939914
690 687.1420361939914
692 678.3594988516538
694 678.3594988516538
696 680.2167962348487
698 680.2167962348487
700 680.2167962348487
702 688.7016422903318
704 688.7016422903318
706 688.7016422903318
708 688.7016422903318
710 688.7016422903318
712 688.7016422903318
714 688.7016422903318
716 688.7016422903318
718 676.9507665097836
720 684.7745488524401
722 684.7745488524401
724 684.7745488524401
726 674.9647473669432
728 674.9647473669432
730 674.9647473669432
732 674.9647473669432
734 674.9647473669432
736 658.2142466831621
738 658.2142466831621
740 691.0773002637695
742 691.0773002637695
744 699.9170218202718
746 699.9170218202718
748 687.7801429518664
750 687.7801429518664
752 687.7801429518664
754 696.175390619174
756 696.175390619174
758 673.7120380035449
760 664.741302031067
762 664.741302031067
764 679.4014227891616
766 679.4014227891616
768 679.5384972859191
770 679.5384972859191
772 685.2788820794921
774 685.2788820794921
776 689.5104355289689
778 689.5104355289689
780 689.5104355289689
782 679.7700401941274
784 679.7700401941274
786 679.7700401941274
788 679.7700401941274
790 679.7700401941274
792 679.7700401941274
794 697.4842080490528
796 691.8441671085105
798 691.8441671085105
