0 713.8063981888383
2 713.8063981888383
4 712.290387446544
6 712.290387446544
8 703.9987430783655
10 703.9987430783655
12 703.9987430783655
14 703.9987430783655
16 718.852581230894
18 718.852581230894
20 718.852581230894
22 718.852581230894
24 706.2539816546574
26 706.2539816546574
28 706.2539816546574
30 715.1414979333516
32 720.1561792246191
34 720.1561792246191
36 733.4428996331093
38 733.4428996331093
40 733.4428996331093
42 733.4428996331093
44 733.4428996331093
46 733.4428996331093
48 733.4428996331093
50 733.4428996331093
52 733.4428996331093
54 733.4428996331093
56 733.4428996331093
58 725.4216399914282
60 725.4216399914282
62 727.888429829901
64 746.7710026549795
66 746.7710026549795
68 755.1376508967155
70 755.1376508967155
72 736.9034882401012
74 736.9034882401012
76 711.919500093712
78 711.919500093712
80 711.919500093712
82 725.3094953786118
84 725.3094953786118
86 712.3962263390152
88 712.3962263390152
90 712.3962263390152
92 666.5966251776016
94 666.5966251776016
96 719.351930583358
98 719.351930583358
100 723.6461508430154
102 723.6461508430154
104 723.6461508430154
106 723.6461508430154
108 758.8211842886114
110 758.8211842886114
112 754.075627432735
114 754.075627432735
116 754.075627432735
118 754.075627432735
120 754.075627432735
122 712.3168525239131
124 707.235221906237
126 707.235221906237
128 669.1343276681009
130 669.1343276681009
132 655.5628438900584
134 655.5628438900584
136 655.5628438900584
138 655.5628438900584
140 653.8484288002352
142 653.8484288002352
144 653.8484288002352
146 653.8484288002352
148 653.8484288002352
150 653.8484288002352
152 653.8484288002352
154 653.8484288002352
156 697.883388697226
158 697.883388697226
160 697.883388697226
162 723.4201430791035
164 723.4201430791035
166 723.4201430791035
168 682.9530310776809
170 706.130952599684
172 706.130952599684
174 706.130952599684
176 706.130952599684
178 704.7031334915268
180 704.7031334915268
182 704.7031334915268
184 691.0233660592768
186 691.0233660592768
188 691.0233660592768
190 691.0233660592768
192 691.0233660592768
194 727.6539463145297
196 727.6539463145297
198 733.1526831729418
200 703.4581833693072
202 703.4581833693072
204 711.5744719424396
206 711.5744719424396
208 728.6644049147279
210 728.6644049147279
212 728.6644049147279
214 702.4697683287943
216 702.4697683287943
218 702.4697683287943
220 670.7492364397696
222 670.7492364397696
224 668.7077418785225
226 668.7077418785225
228 721.3761417557158
230 721.3761417557158
232 735.7663506321967
234 735.7663506321967
236 731.4051317044334
238 731.4051317044334
240 731.4051317044334
242 731.4051317044334
244 731.4051317044334
246 731.4051317044334
248 725.1474176532262
250 725.1474176532262
252 705.2811258170184
254 705.2811258170184
256 705.2811258170184
258 677.5777715282205
260 684.8359332057196
262 684.8359332057196
264 684.8359332057196
266 663.721658688327
268 700.7298138240197
270 700.7298138240197
272 700.7298138240197
274 700.7298138240197
276 700.7298138240197
278 752.6216833099032
280 740.3025921539247
282 740.3025921539247
284 689.3611232547961
286 689.3611232547961
288 689.3611232547961
290 689.3611232547961
292 689.3611232547961
294 690.6064325265224
296 690.6064325265224
298 690.6064325265224
300 690.6064325265224
302 693.2175351254779
304 687.872054099975
306 687.872054099975
308 716.4679411621833
310 716.4679411621833
312 713.254066462442
314 713.254066462442
316 713.254066462442
318 713.254066462442
320 713.254066462442
322 701.882404805092
324 701.882404805092
326 701.882404805092
328 701.882404805092
330 701.882404805092
332 701.882404805092
334 701.882404805092
336 693.3265716376098
338 693.3265716376098
340 708.2653006514678
342 708.2653006514678
344 722.5139274977538
346 722.5139274977538
348 722.5139274977538
350 722.5139274977538
352 722.5139274977538
354 722.5139274977538
356 714.9848823061225
358 714.9848823061225
360 714.9848823061225
362 676.52044612627
364 676.52044612627
366 676.52044612627
368 706.2539816546574
370 706.2539816546574
372 694.0095397532546
374 694.0095397532546
376 686.6704895390749
378 686.6704895390749
380 686.6704895390749
382 683.0176766872474
384 683.0176766872474
386 683.0176766872474
388 717.0763114871855
390 717.0763114871855
392 727.0234745475399
394 727.0234745475399
396 698.0233422740554
398 698.0233422740554
400 704.0817586226902
402 704.0817586226902
404 696.7678214724853
406 696.7678214724853
408 721.4648396083633
410 721.4648396083633
412 676.1816006073421
414 676.1816006073421
416 676.1565202189067
418 676.1565202189067
420 713.9508048542783
422 713.9508048542783
424 728.3074989233738
426 728.3074989233738
428 714.9587680207044
430 714.9587680207044
432 687.4486904483228
434 687.4486904483228
436 687.4486904483228
438 687.4486904483228
440 687.4486904483228
442 687.4486904483228
444 687.4486904483228
446 687.4486904483228
448 685.5415754533
450 685.5415754533
452 692.4425301809571
454 692.4425301809571
456 692.4425301809571
458 692.4425301809571
460 716.5586614571462
462 716.5586614571462
464 716.5586614571462
466 654.4889919580849
468 654.4889919580849
470 654.4889919580849
472 699.6269608671596
474 699.6269608671596
476 735.1661563730406
478 735.1661563730406
480 713.2804026970393
482 713.2804026970393
484 713.2804026970393
486 713.2804026970393
488 713.2804026970393
490 713.2804026970393
492 713.2804026970393
494 706.4997889744369
496 706.4997889744369
498 687.5015610033638
500 707.5475650196825
502 707.5475650196825
504 707.5475650196825
506 697.9533512564785
508 697.9533512564785
510 697.9533512564785
512 697.9533512564785
514 674.133651425587
516 674.133651425587
518 674.133651425587
520 674.133651425587
522 674.133651425587
524 715.0240474704513
526 715.0240474704513
528 715.0240474704513
530 715.0240474704513
532 704.6893488410768
534 704.6893488410768
536 704.6893488410768
538 675.5553817443358
540 675.5553817443358
542 707.9677112658333
544 722.5895802339459
546 722.5895802339459
548 725.2721023916727
550 725.2721023916727
552 714.3572122444155
554 714.3572122444155
556 714.3572122444155
558 702.1203884719857
560 702.1203884719857
562 706.8542569906477
564 706.8542569906477
566 706.8542569906477
568 684.5491469125865
570 684.5491469125865
572 656.4522349170949
574 656.4522349170949
576 674.5069880607747
578 674.5069880607747
580 721.2747303053499
582 721.2747303053499
584 721.2747303053499
586 688.8279951460945
588 688.8279951460945
590 698.7388867178918
592 698.7388867178918
594 698.7388867178918
596 698.7388867178918
598 698.7388867178918
600 706.2676463799808
602 706.2676463799808
604 706.2676463799808
606 706.2676463799808
608 660.9681777144332
610 660.9681777144332
612 657.4612373404847
614 657.4612373404847
616 657.4612373404847
618 657.4612373404847
620 692.3340193885169
622 692.3340193885169
624 692.3340193885169
626 692.3340193885169
628 692.3340193885169
630 657.9550296076435
632 667.0926573690169
634 667.0926573690169
636 706.1172775289303
638 706.1172775289303
640 706.1172775289303
642 706.2813100725849
644 706.2813100725849
646 706.2813100725849
648 706.2813100725849
650 706.2813100725849
652 706.2813100725849
654 706.2813100725849
656 706.2813100725849
658 706.2813100725849
660 699.4574450296866
662 699.4574450296866
664 675.0056578949637
666 675.0056578949637
668 647.7140292094981
670 647.7140292094981
672 647.7140292094981
674 647.7140292094981
676 647.7140292094981
678 656.8859992930429
680 656.8859992930429
682 656.8859992930429
684 656.8859992930429
686 680.0384865724362
688 680.0384865724362
690 689.9492840378434
692 691.4412302208914
694 691.4412302208914
696 681.7156393938328
698 681.7156393938328
700 685.044757663914
702 685.044757663914
704 672.6582506418106
706 672.6582506418106
708 672.6582506418106
710 672.6582506418106
712 672.6582506418106
714 672.6582506418106
716 672.6582506418106
718 672.6582506418106
720 672.6582506418106
722 672.6582506418106
724 668.6103293710626
726 668.6103293710626
728 689.7351973832154
730 689.7351973832154
732 689.7351973832154
734 665.5468707068085
736 665.5468707068085
738 665.5468707068085
740 703.3887600274595
742 703.3887600274595
744 700.2213195968691
746 700.2213195968691
748 687.6867200529753
750 687.6867200529753
752 699.4009774639958
754 699.4009774639958
756 722.3751665748244
758 722.3751665748244
760 689.2677189375797
762 689.2677189375797
764 689.2677189375797
766 680.2171126253013
768 680.2171126253013
770 681.0099195829403
772 694.6401645921326
774 694.6401645921326
776 694.6401645921326
778 681.6513877232737
780 678.2347316712937
782 678.2347316712937
784 692.5239553399466
786 692.5239553399466
788 700.2920353173547
790 700.2920353173547
792 700.2920353173547
794 726.8748998041738
796 726.8748998041738
798 716.9858146823134
